260.56
260.56
260.56
297.807
323.004
260.56
260.56
260.56
299.925
323.004
305.878
305.878
340.505
343.527
357.593
305.878
305.878
379.921
343.527
370.937
358.966
397.271
380.789
374.804
433.646
456.913
423.994
456.613
513.209
428.764
604.346
609.565
635.658
644.661
608.487
620.337
648.959
662.027
719.432
660.918
383.982
442.342
437.954
437.954
531.898
543.158
570.833
570.062
680.66
726.085
551.697
561.844
720.213
741.54
733.997
390.866
431.793
474.326
496.766
473.804
2281.07
2243.28
2446.71
2892.16
3383.48
708.142
773.114
903.441
939.318
957.13
906.764
860.175
787.941
923.737
1152.91
491.539
452.441
495.162
553.459
641.695
505.121
557.999
593.376
528.496
664.317
922.67
818.341
1127.96
1125.54
988.721
621.786
826.142
699.569
764.636
865.131
454.199
477.676
446.368
440.734
461.166
808.567
799.261
887.623
969.145
1047.42
754.463
778.431
990.791
1021
1274.59
754.463
842.456
939.63
1037.06
997.024
725.455
829.681
985.374
868.939
1140.47
921.853
1067.91
1103.8
1228.26
1325.75
905.653
1049.26
1160.84
1276.13
1443.43
957.536
1074.72
972.499
1255.81
1483.83
1010.42
1260.62
1516.62
1631.47
1991.1
2147.2
2874.89
2989.21
2292.11
2335.14
1109.79
1250.93
1519.45
1516.63
1640.2
1442.86
1511.22
1639.02
1995.28
2377.16
1418.41
1478.84
1692.33
2019.72
2108.42
1313.11
1403.59
1701.42
2037.94
2178.22
617.344
698.551
815.178
898.034
1106.09
766.456
905.07
1068.26
1145.27
1405.24
689.851
811.854
1012.5
1092
1333.8
