Instance: E030-04s.DAT
Class:  5
   29 --- number of customers (no depot)
    7 --- number of vehicles
    8 --- number of stacks on the vehicle
   91 --- number of items
Capacity of the vehicle - height of each stacks
    900    10
Node - x - y - demand
    0   162.0   354.0    0.0
    1   218.0   382.0   75.0
    2   218.0   358.0   63.0
    3   201.0   370.0   77.0
    4   214.0   371.0   72.0
    5   224.0   370.0   67.0
    6   210.0   382.0   65.0
    7   104.0   354.0   77.0
    8   126.0   338.0   74.0
    9   119.0   340.0   81.0
   10   129.0   349.0   35.0
   11   126.0   347.0   21.0
   12   125.0   346.0   15.0
   13   116.0   355.0   28.0
   14   126.0   335.0   44.0
   15   125.0   355.0   39.0
   16   119.0   357.0   72.0
   17   115.0   341.0   69.0
   18   153.0   351.0   28.0
   19   175.0   363.0   34.0
   20   180.0   360.0   76.0
   21   159.0   331.0   35.0
   22   188.0   357.0   59.0
   23   152.0   349.0   42.0
   24   215.0   389.0   73.0
   25   212.0   394.0   74.0
   26   188.0   393.0   70.0
   27   207.0   406.0   73.0
   28   184.0   410.0   79.0
   29   207.0   392.0   78.0
Node - number of items - height and weight for each item
   0   0
   1   2    1   33    2   42
   2   4    3   15    1   12    4   22    1   14
   3   3    3   23    4   30    3   24
   4   2    2   32    4   40
   5   1    1   67
   6   1    3   65
   7   3    4   23    4   30    2   24
   8   3    2   22    2   29    4   23
   9   2    1   36    3   45
  10   3    4   10    3   14    3   11
  11   4    1    5    4    4    1    7    4    5
  12   3    4    4    4    6    3    5
  13   5    1    4    4    8    3    5    2    4    1    7
  14   1    1   44
  15   3    3   11    4   15    4   13
  16   1    1   72
  17   5    2   10    4   20    4   13    4   10    4   16
  18   3    2    8    2   11    1    9
  19   2    4   15    3   19
  20   5    1   11    2   22    1   15    2   11    1   17
  21   4    1    8    3    7    2   12    4    8
  22   4    4   14    1   11    2   20    3   14
  23   5    2    6    1   12    3    8    3    6    3   10
  24   5    2   10    1   21    2   14    2   10    2   18
  25   3    1   22    2   29    4   23
  26   1    4   70
  27   5    1   10    2   21    4   14    3   10    4   18
  28   4    2   19    1   15    4   27    3   18
  29   4    1   19    4   15    4   27    4   17
