Instance: E022-06m.dat
Class:  5
   21 --- number of customers (no depot)
    6 --- number of vehicles
    8 --- number of stacks on the vehicle
   56 --- number of items
Capacity of the vehicle - height of each stacks
    900    10
Node - x - y - demand
    0   145.0   215.0    0.0
    1   151.0   264.0   85.0
    2   159.0   261.0  109.0
    3   130.0   254.0  133.0
    4   128.0   252.0  100.0
    5   163.0   247.0   80.0
    6   146.0   246.0  120.0
    7   161.0   242.0  144.0
    8   142.0   239.0  137.0
    9   163.0   236.0  101.0
   10   148.0   232.0  124.0
   11   128.0   231.0   52.0
   12   156.0   217.0  129.0
   13   129.0   214.0   55.0
   14   146.0   208.0  148.0
   15   164.0   208.0   71.0
   16   141.0   206.0  132.0
   17   147.0   193.0  105.0
   18   164.0   193.0   66.0
   19   129.0   189.0   58.0
   20   155.0   185.0  104.0
   21   139.0   182.0   52.0
Node - number of items - height and weight for each item
   0   0
   1   4    2   21    2   17    3   29    1   18
   2   2    1   49    3   60
   3   4    2   33    3   26    3   46    2   28
   4   1    4  100
   5   3    1   24    4   32    2   24
   6   5    4   18    4   36    4   24    4   18    1   24
   7   2    1   64    4   80
   8   3    3   41    1   54    1   42
   9   1    2  101
  10   2    1   55    4   69
  11   1    4   52
  12   5    3   19    3   38    2   25    4   19    1   28
  13   3    4   16    4   22    2   17
  14   4    1   37    2   29    1   51    1   31
  15   2    3   31    2   40
  16   3    4   39    1   52    4   41
  17   5    1   15    4   31    2   21    2   15    2   23
  18   3    1   19    1   26    2   21
  19   1    1   58
  20   1    1  104
  21   1    3   52
