Instance: E256-14k.dat
Class:  4
  255 --- number of customers (no depot)
   51 --- number of vehicles
    8 --- number of stacks on the vehicle
  606 --- number of items
Capacity of the vehicle - height of each stacks
    900    10
Node - x - y - demand
    0     0.0   -15.0    0.0
    1    -1.0   -14.0   50.0
    2     1.0   -14.0   50.0
    3    -2.0   -13.0   50.0
    4     0.0   -13.0   50.0
    5     2.0   -13.0   50.0
    6    -3.0   -12.0   50.0
    7    -1.0   -12.0   50.0
    8     1.0   -12.0   50.0
    9     3.0   -12.0   50.0
   10    -4.0   -11.0   50.0
   11    -2.0   -11.0   50.0
   12     0.0   -11.0   50.0
   13     2.0   -11.0   25.0
   14     4.0   -11.0   25.0
   15    -5.0   -10.0   25.0
   16    -3.0   -10.0   25.0
   17    -1.0   -10.0   25.0
   18     1.0   -10.0   25.0
   19     3.0   -10.0   25.0
   20     5.0   -10.0   25.0
   21    -6.0    -9.0   25.0
   22    -4.0    -9.0   25.0
   23    -2.0    -9.0   25.0
   24     0.0    -9.0   25.0
   25     2.0    -9.0   25.0
   26     4.0    -9.0   25.0
   27     6.0    -9.0   25.0
   28    -7.0    -8.0   25.0
   29    -5.0    -8.0   25.0
   30    -3.0    -8.0   25.0
   31    -1.0    -8.0   25.0
   32     1.0    -8.0   25.0
   33     3.0    -8.0   40.0
   34     5.0    -8.0   40.0
   35     7.0    -8.0   40.0
   36    -8.0    -7.0   40.0
   37    -6.0    -7.0   40.0
   38    -4.0    -7.0   40.0
   39    -2.0    -7.0   40.0
   40     0.0    -7.0   40.0
   41     2.0    -7.0   40.0
   42     4.0    -7.0   40.0
   43     6.0    -7.0   40.0
   44     8.0    -7.0   40.0
   45    -9.0    -6.0   40.0
   46    -7.0    -6.0   40.0
   47    -5.0    -6.0   40.0
   48    -3.0    -6.0   40.0
   49    -1.0    -6.0   40.0
   50     1.0    -6.0   40.0
   51     3.0    -6.0   40.0
   52     5.0    -6.0   40.0
   53     7.0    -6.0   40.0
   54     9.0    -6.0   40.0
   55   -10.0    -5.0   40.0
   56    -8.0    -5.0   40.0
   57    -6.0    -5.0   40.0
   58    -4.0    -5.0   40.0
   59    -2.0    -5.0   40.0
   60     0.0    -5.0   40.0
   61     2.0    -5.0   30.0
   62     4.0    -5.0   30.0
   63     6.0    -5.0   30.0
   64     8.0    -5.0   30.0
   65    10.0    -5.0   30.0
   66   -11.0    -4.0   30.0
   67    -9.0    -4.0   30.0
   68    -7.0    -4.0   30.0
   69    -5.0    -4.0   30.0
   70    -3.0    -4.0   30.0
   71    -1.0    -4.0   30.0
   72     1.0    -4.0   30.0
   73     3.0    -4.0   30.0
   74     5.0    -4.0   30.0
   75     7.0    -4.0   30.0
   76     9.0    -4.0   30.0
   77    11.0    -4.0   30.0
   78   -12.0    -3.0   30.0
   79   -10.0    -3.0   30.0
   80    -8.0    -3.0   30.0
   81    -6.0    -3.0   30.0
   82    -4.0    -3.0   30.0
   83    -2.0    -3.0   30.0
   84     0.0    -3.0   30.0
   85     2.0    -3.0   30.0
   86     4.0    -3.0   30.0
   87     6.0    -3.0   30.0
   88     8.0    -3.0   30.0
   89    10.0    -3.0   30.0
   90    12.0    -3.0   30.0
   91   -13.0    -2.0   30.0
   92   -11.0    -2.0   30.0
   93    -9.0    -2.0   30.0
   94    -7.0    -2.0   30.0
   95    -5.0    -2.0   30.0
   96    -3.0    -2.0   30.0
   97    -1.0    -2.0   21.0
   98     1.0    -2.0   21.0
   99     3.0    -2.0   21.0
  100     5.0    -2.0   21.0
  101     7.0    -2.0   21.0
  102     9.0    -2.0   21.0
  103    11.0    -2.0   21.0
  104    13.0    -2.0   21.0
  105   -14.0    -1.0   21.0
  106   -12.0    -1.0   21.0
  107   -10.0    -1.0   21.0
  108    -8.0    -1.0   21.0
  109    -6.0    -1.0   21.0
  110    -4.0    -1.0   21.0
  111    -2.0    -1.0   21.0
  112     0.0    -1.0   21.0
  113     2.0    -1.0   21.0
  114     4.0    -1.0   21.0
  115     6.0    -1.0   21.0
  116     8.0    -1.0   21.0
  117    10.0    -1.0   21.0
  118    12.0    -1.0   21.0
  119    14.0    -1.0   21.0
  120   -15.0     0.0   21.0
  121   -13.0     0.0   21.0
  122   -11.0     0.0   21.0
  123    -9.0     0.0   21.0
  124    -7.0     0.0   21.0
  125    -5.0     0.0   21.0
  126    -3.0     0.0   21.0
  127    -1.0     0.0   21.0
  128     1.0     0.0   21.0
  129     3.0     0.0   21.0
  130     5.0     0.0   21.0
  131     7.0     0.0   21.0
  132     9.0     0.0   21.0
  133    11.0     0.0   21.0
  134    13.0     0.0   21.0
  135    15.0     0.0   21.0
  136   -14.0     1.0   21.0
  137   -12.0     1.0   21.0
  138   -10.0     1.0   21.0
  139    -8.0     1.0   21.0
  140    -6.0     1.0   21.0
  141    -4.0     1.0   15.0
  142    -2.0     1.0   15.0
  143     0.0     1.0   15.0
  144     2.0     1.0   15.0
  145     4.0     1.0   15.0
  146     6.0     1.0   15.0
  147     8.0     1.0   15.0
  148    10.0     1.0   15.0
  149    12.0     1.0   15.0
  150    14.0     1.0   15.0
  151   -13.0     2.0   15.0
  152   -11.0     2.0   15.0
  153    -9.0     2.0   15.0
  154    -7.0     2.0   15.0
  155    -5.0     2.0   15.0
  156    -3.0     2.0   15.0
  157    -1.0     2.0   15.0
  158     1.0     2.0   15.0
  159     3.0     2.0   15.0
  160     5.0     2.0   15.0
  161     7.0     2.0   15.0
  162     9.0     2.0   15.0
  163    11.0     2.0   15.0
  164    13.0     2.0   15.0
  165   -12.0     3.0   15.0
  166   -10.0     3.0   15.0
  167    -8.0     3.0   15.0
  168    -6.0     3.0   15.0
  169    -4.0     3.0   15.0
  170    -2.0     3.0   15.0
  171     0.0     3.0   15.0
  172     2.0     3.0   15.0
  173     4.0     3.0   15.0
  174     6.0     3.0   15.0
  175     8.0     3.0   15.0
  176    10.0     3.0   15.0
  177    12.0     3.0   15.0
  178   -11.0     4.0   15.0
  179    -9.0     4.0   15.0
  180    -7.0     4.0   15.0
  181    -5.0     4.0   15.0
  182    -3.0     4.0   15.0
  183    -1.0     4.0   15.0
  184     1.0     4.0   15.0
  185     3.0     4.0   15.0
  186     5.0     4.0   15.0
  187     7.0     4.0   15.0
  188     9.0     4.0   15.0
  189    11.0     4.0   15.0
  190   -10.0     5.0   15.0
  191    -8.0     5.0   15.0
  192    -6.0     5.0   15.0
  193    -4.0     5.0   10.0
  194    -2.0     5.0   10.0
  195     0.0     5.0   10.0
  196     2.0     5.0   10.0
  197     4.0     5.0   10.0
  198     6.0     5.0   10.0
  199     8.0     5.0   10.0
  200    10.0     5.0   10.0
  201    -9.0     6.0   10.0
  202    -7.0     6.0   10.0
  203    -5.0     6.0   10.0
  204    -3.0     6.0   10.0
  205    -1.0     6.0   10.0
  206     1.0     6.0   10.0
  207     3.0     6.0   10.0
  208     5.0     6.0   10.0
  209     7.0     6.0   10.0
  210     9.0     6.0   10.0
  211    -8.0     7.0   10.0
  212    -6.0     7.0   10.0
  213    -4.0     7.0   10.0
  214    -2.0     7.0   10.0
  215     0.0     7.0   10.0
  216     2.0     7.0   10.0
  217     4.0     7.0   10.0
  218     6.0     7.0   10.0
  219     8.0     7.0   10.0
  220    -7.0     8.0   10.0
  221    -5.0     8.0   10.0
  222    -3.0     8.0   10.0
  223    -1.0     8.0   10.0
  224     1.0     8.0   10.0
  225     3.0     8.0   10.0
  226     5.0     8.0   10.0
  227     7.0     8.0   10.0
  228    -6.0     9.0   10.0
  229    -4.0     9.0   10.0
  230    -2.0     9.0   10.0
  231     0.0     9.0   10.0
  232     2.0     9.0   10.0
  233     4.0     9.0   10.0
  234     6.0     9.0   10.0
  235    -5.0    10.0   10.0
  236    -3.0    10.0   10.0
  237    -1.0    10.0   10.0
  238     1.0    10.0   10.0
  239     3.0    10.0   10.0
  240     5.0    10.0   10.0
  241    -4.0    11.0   10.0
  242    -2.0    11.0   10.0
  243     0.0    11.0   10.0
  244     2.0    11.0   10.0
  245     4.0    11.0   10.0
  246    -3.0    12.0   10.0
  247    -1.0    12.0   10.0
  248     1.0    12.0   10.0
  249     3.0    12.0   10.0
  250    -2.0    13.0   10.0
  251     0.0    13.0   10.0
  252     2.0    13.0   10.0
  253    -1.0    14.0   10.0
  254     1.0    14.0   10.0
  255     0.0    15.0   10.0
Node - number of items - height and weight for each item
   0   0
   1   4    2   12    2   10    3   17    2   11
   2   1    2   50
   3   2    3   22    4   28
   4   4    3   12    2   10    4   17    2   11
   5   3    2   15    3   20    1   15
   6   1    3   50
   7   2    2   22    3   28
   8   1    3   50
   9   3    1   15    3   20    1   15
  10   4    3   12    3   10    2   17    3   11
  11   1    2   50
  12   2    4   22    1   28
  13   2    4   11    3   14
  14   3    2    7    4   10    3    8
  15   1    4   25
  16   1    2   25
  17   2    1   11    4   14
  18   4    4    6    3    5    3    8    1    6
  19   2    1   11    4   14
  20   3    1    7    4   10    2    8
  21   3    2    7    1   10    3    8
  22   4    3    6    2    5    3    8    3    6
  23   1    3   25
  24   1    3   25
  25   3    4    7    2   10    2    8
  26   4    2    6    2    5    2    8    3    6
  27   4    3    6    2    5    3    8    4    6
  28   3    3    7    3   10    4    8
  29   4    1    6    2    5    1    8    1    6
  30   1    1   25
  31   4    3    6    2    5    1    8    3    6
  32   1    2   25
  33   4    3   10    1    8    1   14    2    8
  34   2    3   18    4   22
  35   3    2   12    3   16    3   12
  36   1    4   40
  37   4    1   10    1    8    1   14    1    8
  38   2    4   18    1   22
  39   3    3   12    1   16    2   12
  40   2    3   18    2   22
  41   3    4   12    4   16    1   12
  42   4    4   10    4    8    2   14    3    8
  43   3    1   12    4   16    1   12
  44   3    4   12    1   16    4   12
  45   4    4   10    4    8    3   14    1    8
  46   4    4   10    2    8    4   14    2    8
  47   2    4   18    4   22
  48   4    3   10    2    8    1   14    4    8
  49   2    3   18    4   22
  50   1    1   40
  51   3    1   12    1   16    3   12
  52   1    2   40
  53   3    3   12    4   16    4   12
  54   4    2   10    3    8    3   14    4    8
  55   2    4   18    3   22
  56   4    2   10    2    8    1   14    1    8
  57   2    3   18    4   22
  58   1    1   40
  59   2    1   18    2   22
  60   3    1   12    3   16    3   12
  61   2    2   13    3   17
  62   1    4   30
  63   2    1   13    3   17
  64   2    2   13    2   17
  65   1    2   30
  66   1    1   30
  67   3    1    9    3   12    4    9
  68   3    2    9    3   12    2    9
  69   4    4    7    3    6    1   10    4    7
  70   1    4   30
  71   4    2    7    2    6    4   10    4    7
  72   3    4    9    2   12    4    9
  73   3    3    9    1   12    4    9
  74   2    2   13    3   17
  75   4    4    7    1    6    3   10    4    7
  76   2    2   13    2   17
  77   2    1   13    2   17
  78   2    1   13    2   17
  79   3    3    9    2   12    1    9
  80   3    3    9    1   12    2    9
  81   3    1    9    3   12    1    9
  82   4    2    7    2    6    4   10    1    7
  83   2    2   13    1   17
  84   2    4   13    2   17
  85   4    1    7    2    6    2   10    1    7
  86   4    4    7    1    6    1   10    3    7
  87   3    4    9    4   12    4    9
  88   2    2   13    4   17
  89   1    1   30
  90   2    2   13    2   17
  91   2    2   13    1   17
  92   1    3   30
  93   3    1    9    4   12    1    9
  94   3    2    9    3   12    2    9
  95   2    1   13    4   17
  96   4    4    7    2    6    2   10    4    7
  97   1    3   21
  98   2    3    9    4   12
  99   3    1    6    3    8    1    7
 100   3    3    6    1    8    4    7
 101   3    1    6    1    8    4    7
 102   4    1    5    1    4    1    7    1    5
 103   1    3   21
 104   3    3    6    3    8    2    7
 105   2    4    9    2   12
 106   4    4    5    2    4    1    7    3    5
 107   4    3    5    2    4    1    7    1    5
 108   1    4   21
 109   1    4   21
 110   2    3    9    4   12
 111   1    3   21
 112   4    4    5    1    4    3    7    4    5
 113   4    3    5    2    4    1    7    2    5
 114   1    2   21
 115   1    1   21
 116   1    4   21
 117   2    2    9    3   12
 118   4    3    5    3    4    2    7    2    5
 119   1    3   21
 120   2    1    9    1   12
 121   1    3   21
 122   1    4   21
 123   4    2    5    4    4    2    7    3    5
 124   2    3    9    2   12
 125   2    2    9    2   12
 126   4    4    5    4    4    2    7    3    5
 127   2    2    9    4   12
 128   1    2   21
 129   4    1    5    1    4    2    7    2    5
 130   4    3    5    2    4    3    7    4    5
 131   2    2    9    2   12
 132   1    2   21
 133   1    2   21
 134   1    2   21
 135   3    1    6    1    8    1    7
 136   4    4    5    3    4    1    7    4    5
 137   4    3    5    3    4    4    7    4    5
 138   2    3    9    1   12
 139   2    2    9    1   12
 140   3    1    6    1    8    1    7
 141   3    1    4    4    6    4    5
 142   4    2    3    4    3    3    5    2    4
 143   2    1    6    4    9
 144   4    4    3    1    3    4    5    2    4
 145   2    1    6    1    9
 146   2    2    6    4    9
 147   1    1   15
 148   2    1    6    1    9
 149   1    4   15
 150   2    1    6    1    9
 151   3    3    4    1    6    3    5
 152   1    4   15
 153   3    1    4    4    6    3    5
 154   4    4    3    1    3    2    5    4    4
 155   1    4   15
 156   2    4    6    4    9
 157   4    1    3    1    3    2    5    3    4
 158   4    1    3    3    3    2    5    2    4
 159   4    4    3    2    3    2    5    4    4
 160   3    3    4    1    6    1    5
 161   1    2   15
 162   3    1    4    2    6    1    5
 163   4    1    3    2    3    4    5    1    4
 164   3    3    4    4    6    4    5
 165   4    3    3    4    3    1    5    1    4
 166   2    3    6    3    9
 167   2    1    6    3    9
 168   1    1   15
 169   3    2    4    4    6    2    5
 170   3    2    4    2    6    2    5
 171   1    4   15
 172   1    1   15
 173   3    2    4    1    6    2    5
 174   3    3    4    3    6    2    5
 175   4    2    3    1    3    4    5    4    4
 176   1    3   15
 177   3    3    4    2    6    1    5
 178   1    1   15
 179   1    4   15
 180   1    3   15
 181   1    3   15
 182   2    4    6    4    9
 183   1    3   15
 184   2    2    6    3    9
 185   4    3    3    3    3    3    5    3    4
 186   4    4    3    2    3    4    5    2    4
 187   2    2    6    4    9
 188   3    4    4    1    6    1    5
 189   2    1    6    2    9
 190   2    1    6    4    9
 191   2    1    6    1    9
 192   3    1    4    2    6    2    5
 193   3    3    3    2    4    3    3
 194   3    3    3    2    4    1    3
 195   3    1    3    1    4    2    3
 196   2    1    4    2    6
 197   1    4   10
 198   4    4    2    1    2    3    3    2    3
 199   1    2   10
 200   1    4   10
 201   3    1    3    4    4    4    3
 202   1    1   10
 203   1    3   10
 204   1    1   10
 205   2    3    4    1    6
 206   1    4   10
 207   4    2    2    4    2    3    3    3    3
 208   2    1    4    3    6
 209   1    4   10
 210   1    4   10
 211   1    4   10
 212   1    1   10
 213   3    3    3    1    4    2    3
 214   3    3    3    2    4    1    3
 215   1    3   10
 216   3    4    3    1    4    3    3
 217   4    2    2    4    2    3    3    2    3
 218   1    4   10
 219   1    1   10
 220   2    3    4    3    6
 221   1    4   10
 222   3    2    3    1    4    4    3
 223   1    3   10
 224   3    3    3    1    4    4    3
 225   1    4   10
 226   4    4    2    2    2    3    3    2    3
 227   1    1   10
 228   3    3    3    4    4    4    3
 229   1    2   10
 230   3    2    3    4    4    2    3
 231   1    2   10
 232   2    2    4    4    6
 233   1    3   10
 234   1    2   10
 235   4    3    2    2    2    2    3    3    3
 236   4    3    2    3    2    4    3    3    3
 237   4    3    2    1    2    2    3    4    3
 238   3    2    3    3    4    3    3
 239   1    1   10
 240   1    1   10
 241   1    1   10
 242   1    1   10
 243   3    2    3    4    4    3    3
 244   4    1    2    2    2    4    3    3    3
 245   2    3    4    4    6
 246   4    2    2    3    2    3    3    3    3
 247   2    3    4    3    6
 248   1    4   10
 249   3    1    3    4    4    3    3
 250   3    3    3    1    4    3    3
 251   2    1    4    4    6
 252   3    4    3    2    4    4    3
 253   3    3    3    1    4    1    3
 254   2    1    4    1    6
 255   1    4   10
