Instance: E023-05s.DAT
Class:  5
   22 --- number of customers (no depot)
    6 --- number of vehicles
    8 --- number of stacks on the vehicle
   52 --- number of items
Capacity of the vehicle - height of each stacks
    900    10
Node - x - y - demand
    0   266.0   235.0    0.0
    1   295.0   272.0  124.0
    2   301.0   258.0  131.0
    3   309.0   260.0  114.0
    4   217.0   274.0  107.0
    5   218.0   278.0  121.0
    6   282.0   267.0   28.0
    7   242.0   249.0   56.0
    8   230.0   262.0  109.0
    9   249.0   268.0   40.0
   10   256.0   267.0   31.0
   11   265.0   257.0   52.0
   12   267.0   242.0   40.0
   13   259.0   265.0   40.0
   14   315.0   233.0   74.0
   15   329.0   252.0   52.0
   16   318.0   252.0   47.0
   17   329.0   224.0   60.0
   18   267.0   213.0   36.0
   19   275.0   192.0  116.0
   20   303.0   201.0  105.0
   21   208.0   217.0   98.0
   22   326.0   181.0  113.0
Node - number of items - height and weight for each item
   0   0
   1   3    2   37    2   49    3   38
   2   1    1  131
   3   1    1  114
   4   5    3   16    2   32    3   21    3   16    2   22
   5   3    4   36    1   48    4   37
   6   1    2   28
   7   1    4   56
   8   3    4   32    4   43    4   34
   9   2    1   18    1   22
  10   1    4   31
  11   4    3   13    1   10    1   18    2   11
  12   1    1   40
  13   1    4   40
  14   1    4   74
  15   4    3   13    3   10    2   18    4   11
  16   2    1   21    4   26
  17   2    4   27    2   33
  18   4    1    9    2    7    1   12    1    8
  19   3    3   34    2   46    4   36
  20   1    1  105
  21   5    4   14    1   29    4   19    2   14    2   22
  22   3    2   33    1   45    1   35
