Instance: E033-04g.dat
Class:  4
   32 --- number of customers (no depot)
    7 --- number of vehicles
    8 --- number of stacks on the vehicle
   65 --- number of items
Capacity of the vehicle - height of each stacks
    900    10
Node - x - y - demand
    0   292.0   495.0    0.0
    1   298.0   427.0   72.0
    2   309.0   445.0   73.0
    3   307.0   464.0   71.0
    4   336.0   475.0   70.0
    5   320.0   439.0   71.0
    6   321.0   437.0   39.0
    7   322.0   437.0   60.0
    8   323.0   433.0   36.0
    9   324.0   433.0   37.0
   10   323.0   429.0   13.0
   11   314.0   435.0   68.0
   12   311.0   442.0   60.0
   13   304.0   427.0   67.0
   14   293.0   421.0   67.0
   15   296.0   418.0   69.0
   16   261.0   384.0   62.0
   17   297.0   410.0   34.0
   18   315.0   407.0   63.0
   19   314.0   406.0   57.0
   20   321.0   391.0   31.0
   21   321.0   398.0   62.0
   22   314.0   394.0   41.0
   23   313.0   378.0   61.0
   24   304.0   382.0   50.0
   25   295.0   402.0   61.0
   26   283.0   406.0   43.0
   27   279.0   399.0   58.0
   28   271.0   401.0   63.0
   29   264.0   414.0   61.0
   30   277.0   439.0   60.0
   31   290.0   434.0   60.0
   32   319.0   433.0   66.0
Node - number of items - height and weight for each item
   0   0
   1   1    1   72
   2   1    2   73
   3   2    4   31    4   40
   4   2    3   31    4   39
   5   4    3   17    4   14    2   24    2   16
   6   2    4   17    1   22
   7   1    1   60
   8   1    2   36
   9   2    4   16    4   21
  10   1    4   13
  11   1    3   68
  12   3    3   18    2   24    3   18
  13   3    4   20    2   26    2   21
  14   2    4   30    3   37
  15   4    1   17    4   13    1   24    1   15
  16   2    4   27    1   35
  17   3    3   10    2   13    4   11
  18   1    1   63
  19   4    1   14    4   11    3   19    3   13
  20   2    4   13    3   18
  21   2    4   27    3   35
  22   1    4   41
  23   2    4   27    3   34
  24   1    2   50
  25   1    3   61
  26   1    2   43
  27   3    1   17    1   23    1   18
  28   4    1   15    3   12    3   22    4   14
  29   2    4   27    4   34
  30   1    1   60
  31   1    1   60
  32   4    4   16    4   13    3   23    2   14
