Instance: E030-03g.dat
Class:  4
   29 --- number of customers (no depot)
    7 --- number of vehicles
    8 --- number of stacks on the vehicle
   72 --- number of items
Capacity of the vehicle - height of each stacks
    900    10
Node - x - y - demand
    0   162.0   354.0    0.0
    1   218.0   382.0   58.0
    2   218.0   358.0   58.0
    3   201.0   370.0   49.0
    4   214.0   371.0   44.0
    5   224.0   370.0   41.0
    6   210.0   382.0   52.0
    7   104.0   354.0   26.0
    8   126.0   338.0   16.0
    9   119.0   340.0   25.0
   10   129.0   349.0   34.0
   11   126.0   347.0    6.0
   12   125.0   346.0   22.0
   13   116.0   355.0   26.0
   14   126.0   335.0   28.0
   15   125.0   355.0    9.0
   16   119.0   357.0   40.0
   17   115.0   341.0   28.0
   18   153.0   351.0   13.0
   19   175.0   363.0   27.0
   20   180.0   360.0   42.0
   21   159.0   331.0   23.0
   22   188.0   357.0   55.0
   23   152.0   349.0   23.0
   24   215.0   389.0   49.0
   25   212.0   394.0   42.0
   26   188.0   393.0   32.0
   27   207.0   406.0   55.0
   28   184.0   410.0   54.0
   29   207.0   392.0   43.0
Node - number of items - height and weight for each item
   0   0
   1   1    1   58
   2   4    2   14    3   11    1   20    4   13
   3   2    1   22    3   27
   4   3    4   13    3   17    2   14
   5   4    4   10    1    8    3   14    4    9
   6   4    4   13    2   10    2   18    2   11
   7   2    4   11    1   15
   8   2    3    7    4    9
   9   3    3    7    3   10    1    8
  10   2    4   15    1   19
  11   1    4    6
  12   3    4    6    4    8    3    8
  13   2    1   11    4   15
  14   4    3    7    2    5    1    9    1    7
  15   1    3    9
  16   1    4   40
  17   3    4    8    1   11    2    9
  18   2    4    5    4    8
  19   1    4   27
  20   2    4   18    2   24
  21   3    2    6    1    9    4    8
  22   3    3   16    1   22    2   17
  23   3    1    6    2    9    1    8
  24   4    1   12    3    9    2   17    4   11
  25   2    4   18    1   24
  26   3    2    9    3   12    2   11
  27   3    1   16    3   22    3   17
  28   1    3   54
  29   3    2   12    1   17    2   14
