Instance: E033-03n.DAT
Class:  3
   32 --- number of customers (no depot)
    7 --- number of vehicles
    8 --- number of stacks on the vehicle
   56 --- number of items
Capacity of the vehicle - height of each stacks
    900    10
Node - x - y - demand
    0   250.0   200.0    0.0
    1    10.0   260.0   55.0
    2   313.0   382.0   51.0
    3   467.0    67.0   52.0
    4   205.0   254.0   52.0
    5   275.0    34.0   55.0
    6   269.0   262.0    8.0
    7   293.0   269.0   52.0
    8   333.0   212.0   18.0
    9   304.0   202.0   14.0
   10   286.0   207.0   17.0
   11   288.0   191.0   48.0
   12   295.0   235.0   45.0
   13    50.0   249.0   43.0
   14   484.0   179.0   47.0
   15   447.0   189.0   49.0
   16   215.0   204.0   31.0
   17    22.0   255.0   22.0
   18   267.0   316.0   26.0
   19   391.0   196.0   20.0
   20   399.0   122.0   27.0
   21   363.0   187.0   40.0
   22   355.0   236.0   49.0
   23   378.0   203.0   42.0
   24   458.0   218.0   44.0
   25   383.0   181.0   43.0
   26   240.0   326.0   43.0
   27   273.0   349.0   49.0
   28   278.0   374.0   54.0
   29   352.0   271.0   56.0
   30   324.0   295.0   53.0
   31   249.0   250.0   52.0
   32    65.0   248.0   52.0
Node - number of items - height and weight for each item
   0   0
   1   1    1   55
   2   3    2   15    3   20    1   16
   3   3    4   15    1   20    3   17
   4   3    4   15    3   20    2   17
   5   1    4   55
   6   1    1    8
   7   2    3   23    4   29
   8   2    4    8    2   10
   9   3    2    4    2    5    4    5
  10   2    1    7    3   10
  11   1    4   48
  12   2    3   20    3   25
  13   3    1   12    4   17    1   14
  14   1    4   47
  15   2    4   22    4   27
  16   1    3   31
  17   1    1   22
  18   1    4   26
  19   3    3    6    2    8    1    6
  20   1    1   27
  21   1    3   40
  22   2    4   22    4   27
  23   1    1   42
  24   2    2   19    4   25
  25   3    4   12    4   17    4   14
  26   1    2   43
  27   1    2   49
  28   2    1   24    4   30
  29   1    3   56
  30   1    1   53
  31   2    2   23    1   29
  32   2    2   23    1   29
