Instance: E072-04f.dat
Class:  3
   71 --- number of customers (no depot)
   15 --- number of vehicles
    8 --- number of stacks on the vehicle
  151 --- number of items
Capacity of the vehicle - height of each stacks
    900    10
Node - x - y - demand
    0     0.0     0.0    0.0
    1   -12.0    -6.0   79.0
    2   -15.0    -5.0   82.0
    3    -1.0   -18.0   43.0
    4     2.0   -21.0   90.0
    5    -1.0   -17.0   59.0
    6    -9.0   -12.0   92.0
    7     2.0   -22.0  117.0
    8     1.0   -21.0   92.0
    9     7.0   -25.0  102.0
   10    -7.0   -17.0   97.0
   11   -11.0    -5.0   33.0
   12   -14.0    -9.0    7.0
   13   -14.0    -8.0   74.0
   14   -11.0    -2.0   43.0
   15   -14.0    -5.0   14.0
   16   -15.0    -9.0   61.0
   17   -15.0    -8.0   65.0
   18    -9.0    -6.0   78.0
   19   -14.0    -4.0   92.0
   20     3.0     6.0   95.0
   21     5.0     9.0   80.0
   22     5.0    10.0   72.0
   23     2.0     8.0   18.0
   24     1.0     9.0   93.0
   25     1.0    10.0  109.0
   26     2.0     9.0   19.0
   27     6.0    14.0   23.0
   28     5.0    12.0   60.0
   29     3.0     7.0   61.0
   30     4.0     8.0   75.0
   31    -6.0     1.0   12.0
   32    -6.0     2.0   27.0
   33    -8.0    -2.0  113.0
   34    -7.0     2.0   59.0
   35    -7.0    -3.0  116.0
   36    -7.0    -2.0  104.0
   37   -20.0    12.0   69.0
   38   -20.0    13.0   42.0
   39   -12.0    10.0  103.0
   40   -20.0    15.0  115.0
   41    -6.0     8.0   79.0
   42     2.0    21.0   87.0
   43     2.0    22.0   92.0
   44     1.0    21.0   94.0
   45    -1.0    24.0  102.0
   46     1.0    22.0  104.0
   47    -2.0    20.0   76.0
   48    -2.0    21.0   97.0
   49    -4.0    18.0   62.0
   50    -4.0    19.0   66.0
   51    -5.0    18.0   59.0
   52    -5.0    26.0   93.0
   53     1.0    23.0   29.0
   54    -6.0     5.0   36.0
   55    -6.0     6.0   93.0
   56    -9.0     6.0  109.0
   57    -9.0     7.0  109.0
   58   -12.0     5.0  108.0
   59   -12.0     6.0  100.0
   60   -11.0     3.0  103.0
   61   -11.0     4.0  106.0
   62   -14.0     4.0  103.0
   63   -14.0     5.0  107.0
   64   -15.0     4.0  105.0
   65   -15.0     5.0  108.0
   66   -16.0     7.0  107.0
   67   -16.0     8.0  107.0
   68   -15.0    10.0  101.0
   69   -20.0    10.0  101.0
   70    -5.0    19.0  111.0
   71    -9.0   -11.0  108.0
Node - number of items - height and weight for each item
   0   0
   1   1    3   79
   2   3    3   24    4   32    3   26
   3   2    4   19    2   24
   4   3    4   27    2   36    2   27
   5   3    2   17    4   23    1   19
   6   1    3   92
   7   3    3   35    1   46    1   36
   8   3    4   27    1   36    4   29
   9   1    3  102
  10   1    2   97
  11   3    2    9    4   13    3   11
  12   2    2    3    4    4
  13   2    2   33    3   41
  14   3    3   12    4   17    1   14
  15   3    3    4    1    5    1    5
  16   1    4   61
  17   2    4   29    4   36
  18   3    3   23    1   31    1   24
  19   1    1   92
  20   1    1   95
  21   1    4   80
  22   3    1   21    1   28    4   23
  23   3    2    5    2    7    4    6
  24   3    2   27    2   37    2   29
  25   1    4  109
  26   3    4    5    1    7    3    7
  27   2    1   10    4   13
  28   3    4   18    4   24    3   18
  29   2    2   27    4   34
  30   2    3   33    2   42
  31   3    3    3    1    4    1    5
  32   3    1    8    2   10    3    9
  33   1    4  113
  34   3    3   17    3   23    1   19
  35   3    2   34    1   46    1   36
  36   3    3   31    2   41    4   32
  37   1    1   69
  38   2    3   18    4   24
  39   3    2   30    3   41    2   32
  40   3    1   34    3   46    3   35
  41   3    4   23    4   31    2   25
  42   1    4   87
  43   1    1   92
  44   2    1   42    3   52
  45   2    3   45    1   57
  46   1    2  104
  47   2    3   34    4   42
  48   3    3   29    1   38    2   30
  49   1    4   62
  50   1    1   66
  51   3    2   17    4   23    3   19
  52   3    3   27    1   37    4   29
  53   1    4   29
  54   3    1   10    1   14    1   12
  55   3    1   27    1   37    2   29
  56   1    1  109
  57   3    1   32    2   43    1   34
  58   3    3   32    3   43    1   33
  59   1    3  100
  60   1    3  103
  61   1    1  106
  62   1    2  103
  63   1    3  107
  64   2    1   47    4   58
  65   1    3  108
  66   3    2   32    2   42    1   33
  67   2    3   48    3   59
  68   3    2   30    1   40    2   31
  69   1    3  101
  70   3    3   33    1   44    2   34
  71   1    3  108
