Instance: E026-08m.dat
Class:  1
   25 --- number of customers (no depot)
    8 --- number of vehicles
    8 --- number of stacks on the vehicle
   25 --- number of items
Capacity of the vehicle - height of each stacks
    900    10
Node - x - y - demand
    0    30.0    40.0     0.0
    1    52.0    41.0    15.0
    2    27.0    23.0     3.0
    3    17.0    33.0    41.0
    4    13.0    13.0     9.0
    5    57.0    58.0    28.0
    6    62.0    42.0     8.0
    7    42.0    57.0     8.0
    8    16.0    57.0    16.0
    9     8.0    52.0    10.0
   10     7.0    38.0    28.0
   11    27.0    68.0     7.0
   12    30.0    48.0    15.0
   13    43.0    67.0    14.0
   14    58.0    48.0     6.0
   15    58.0    27.0    19.0
   16    37.0    69.0    11.0
   17    38.0    46.0    12.0
   18    46.0    10.0    23.0
   19    61.0    33.0    26.0
   20    62.0    63.0    17.0
   21    63.0    69.0     6.0
   22    32.0    22.0     9.0
   23    45.0    35.0    15.0
   24    59.0    15.0    14.0
   25     5.0     6.0     7.0
Node - number of items - height and weight for each item
   0   0
   1   1    2   15
   2   1    2    3
   3   1    3   41
   4   1    1    9
   5   1    1   28
   6   1    3    8
   7   1    2    8
   8   1    3   16
   9   1    3   10
  10   1    2   28
  11   1    4    7
  12   1    1   15
  13   1    4   14
  14   1    2    6
  15   1    4   19
  16   1    4   11
  17   1    4   12
  18   1    4   23
  19   1    1   26
  20   1    1   17
  21   1    4    6
  22   1    3    9
  23   1    1   15
  24   1    1   14
  25   1    2    7
