Instance: E200-17b.dat
Class:  3
  199 --- number of customers (no depot)
   39 --- number of vehicles
    8 --- number of stacks on the vehicle
  404 --- number of items
Capacity of the vehicle - height of each stacks
    900    10
Node - x - y - demand
    0    35.0    35.0     0.0
    1    41.0    49.0    10.0
    2    35.0    17.0     7.0
    3    55.0    45.0    13.0
    4    55.0    20.0    19.0
    5    15.0    30.0    26.0
    6    25.0    30.0     3.0
    7    20.0    50.0     5.0
    8    10.0    43.0     9.0
    9    55.0    60.0    16.0
   10    30.0    60.0    16.0
   11    20.0    65.0    12.0
   12    50.0    35.0    19.0
   13    30.0    25.0    23.0
   14    15.0    10.0    20.0
   15    30.0     5.0     8.0
   16    10.0    20.0    19.0
   17     5.0    30.0     2.0
   18    20.0    40.0    12.0
   19    15.0    60.0    17.0
   20    45.0    65.0     9.0
   21    45.0    20.0    11.0
   22    45.0    10.0    18.0
   23    55.0     5.0    29.0
   24    65.0    35.0     3.0
   25    65.0    20.0     6.0
   26    45.0    30.0    17.0
   27    35.0    40.0    16.0
   28    41.0    37.0    16.0
   29    64.0    42.0     9.0
   30    40.0    60.0    21.0
   31    31.0    52.0    27.0
   32    35.0    69.0    23.0
   33    53.0    52.0    11.0
   34    65.0    55.0    14.0
   35    63.0    65.0     8.0
   36     2.0    60.0     5.0
   37    20.0    20.0     8.0
   38     5.0     5.0    16.0
   39    60.0    12.0    31.0
   40    40.0    25.0     9.0
   41    42.0     7.0     5.0
   42    24.0    12.0     5.0
   43    23.0     3.0     7.0
   44    11.0    14.0    18.0
   45     6.0    38.0    16.0
   46     2.0    48.0     1.0
   47     8.0    56.0    27.0
   48    13.0    52.0    36.0
   49     6.0    68.0    30.0
   50    47.0    47.0    13.0
   51    49.0    58.0    10.0
   52    27.0    43.0     9.0
   53    37.0    31.0    14.0
   54    57.0    29.0    18.0
   55    63.0    23.0     2.0
   56    53.0    12.0     6.0
   57    32.0    12.0     7.0
   58    36.0    26.0    18.0
   59    21.0    24.0    28.0
   60    17.0    34.0     3.0
   61    12.0    24.0    13.0
   62    24.0    58.0    19.0
   63    27.0    69.0    10.0
   64    15.0    77.0     9.0
   65    62.0    77.0    20.0
   66    49.0    73.0    25.0
   67    67.0     5.0    25.0
   68    56.0    39.0    36.0
   69    37.0    47.0     6.0
   70    37.0    56.0     5.0
   71    57.0    68.0    15.0
   72    47.0    16.0    25.0
   73    44.0    17.0     9.0
   74    46.0    13.0     8.0
   75    49.0    11.0    18.0
   76    49.0    42.0    13.0
   77    53.0    43.0    14.0
   78    61.0    52.0     3.0
   79    57.0    48.0    23.0
   80    56.0    37.0     6.0
   81    55.0    54.0    26.0
   82    15.0    47.0    16.0
   83    14.0    37.0    11.0
   84    11.0    31.0     7.0
   85    16.0    22.0    41.0
   86     4.0    18.0    35.0
   87    28.0    18.0    26.0
   88    26.0    52.0     9.0
   89    26.0    35.0    15.0
   90    31.0    67.0     3.0
   91    15.0    19.0     1.0
   92    22.0    22.0     2.0
   93    18.0    24.0    22.0
   94    26.0    27.0    27.0
   95    25.0    24.0    20.0
   96    22.0    27.0    11.0
   97    25.0    21.0    12.0
   98    19.0    21.0    10.0
   99    20.0    26.0     9.0
  100    18.0    18.0    17.0
  101    37.0    52.0     7.0
  102    49.0    49.0    30.0
  103    52.0    64.0    16.0
  104    20.0    26.0     9.0
  105    40.0    30.0    21.0
  106    21.0    47.0    15.0
  107    17.0    63.0    19.0
  108    31.0    62.0    23.0
  109    52.0    33.0    11.0
  110    51.0    21.0     5.0
  111    42.0    41.0    19.0
  112    31.0    32.0    29.0
  113     5.0    25.0    23.0
  114    12.0    42.0    21.0
  115    36.0    16.0    10.0
  116    52.0    41.0    15.0
  117    27.0    23.0     3.0
  118    17.0    33.0    41.0
  119    13.0    13.0     9.0
  120    57.0    58.0    28.0
  121    62.0    42.0     8.0
  122    42.0    57.0     8.0
  123    16.0    57.0    16.0
  124     8.0    52.0    10.0
  125     7.0    38.0    28.0
  126    27.0    68.0     7.0
  127    30.0    48.0    15.0
  128    43.0    67.0    14.0
  129    58.0    48.0     6.0
  130    58.0    27.0    19.0
  131    37.0    69.0    11.0
  132    38.0    46.0    12.0
  133    46.0    10.0    23.0
  134    61.0    33.0    26.0
  135    62.0    63.0    17.0
  136    63.0    69.0     6.0
  137    32.0    22.0     9.0
  138    45.0    35.0    15.0
  139    59.0    15.0    14.0
  140     5.0     6.0     7.0
  141    10.0    17.0    27.0
  142    21.0    10.0    13.0
  143     5.0    64.0    11.0
  144    30.0    15.0    16.0
  145    39.0    10.0    10.0
  146    32.0    39.0     5.0
  147    25.0    32.0    25.0
  148    25.0    55.0    17.0
  149    48.0    28.0    18.0
  150    56.0    37.0    10.0
  151    22.0    22.0    18.0
  152    36.0    26.0    26.0
  153    21.0    45.0    11.0
  154    45.0    35.0    30.0
  155    55.0    20.0    21.0
  156    33.0    34.0    19.0
  157    50.0    50.0    15.0
  158    55.0    45.0    16.0
  159    26.0    59.0    29.0
  160    40.0    66.0    26.0
  161    55.0    65.0    37.0
  162    35.0    51.0    16.0
  163    62.0    35.0    12.0
  164    62.0    57.0    31.0
  165    62.0    24.0     8.0
  166    21.0    36.0    19.0
  167    33.0    44.0    20.0
  168     9.0    56.0    13.0
  169    62.0    48.0    15.0
  170    66.0    14.0    22.0
  171    44.0    13.0    28.0
  172    26.0    13.0    12.0
  173    11.0    28.0     6.0
  174     7.0    43.0    27.0
  175    17.0    64.0    14.0
  176    41.0    46.0    18.0
  177    55.0    34.0    17.0
  178    35.0    16.0    29.0
  179    52.0    26.0    13.0
  180    43.0    26.0    22.0
  181    31.0    76.0    25.0
  182    22.0    53.0    28.0
  183    26.0    29.0    27.0
  184    50.0    40.0    19.0
  185    55.0    50.0    10.0
  186    54.0    10.0    12.0
  187    60.0    15.0    14.0
  188    47.0    66.0    24.0
  189    30.0    60.0    16.0
  190    30.0    50.0    33.0
  191    12.0    17.0    15.0
  192    15.0    14.0    11.0
  193    16.0    19.0    18.0
  194    21.0    48.0    17.0
  195    50.0    30.0    21.0
  196    51.0    42.0    27.0
  197    50.0    15.0    19.0
  198    48.0    21.0    20.0
  199    12.0    38.0     5.0
Node - number of items - height and weight for each item
   0   0
   1   2    4    5    3    5
   2   3    2    2    4    2    2    3
   3   2    1    6    4    7
   4   2    1    9    1   10
   5   2    1   13    1   13
   6   1    2    3
   7   1    4    5
   8   1    2    9
   9   1    2   16
  10   3    1    4    3    4    1    8
  11   3    3    3    2    3    1    6
  12   2    4    9    4   10
  13   3    1    6    4    6    4   11
  14   3    4    6    4    6    4    8
  15   3    2    2    3    2    2    4
  16   3    3    5    4    5    1    9
  17   1    4    2
  18   1    2   12
  19   3    3    5    3    5    3    7
  20   3    4    2    3    2    2    5
  21   3    2    3    1    3    3    5
  22   1    2   18
  23   1    1   29
  24   1    4    3
  25   1    3    6
  26   3    4    5    2    5    1    7
  27   3    3    4    3    4    4    8
  28   1    4   16
  29   1    4    9
  30   1    3   21
  31   1    1   27
  32   2    2   11    1   12
  33   2    3    5    4    6
  34   1    3   14
  35   3    4    2    1    2    2    4
  36   1    3    5
  37   1    1    8
  38   2    4    8    4    8
  39   1    1   31
  40   3    4    2    1    2    2    5
  41   1    4    5
  42   1    2    5
  43   3    1    2    3    2    4    3
  44   3    4    5    1    5    1    8
  45   3    2    4    3    4    3    8
  46   1    2    1
  47   1    3   27
  48   1    3   36
  49   3    1    9    2    9    2   12
  50   1    2   13
  51   2    3    5    3    5
  52   3    2    2    4    2    2    5
  53   1    3   14
  54   3    1    5    1    5    2    8
  55   1    1    2
  56   1    4    6
  57   2    2    3    3    4
  58   1    3   18
  59   3    3    8    4    8    3   12
  60   1    1    3
  61   3    1    3    1    3    3    7
  62   3    2    5    3    5    4    9
  63   1    1   10
  64   2    3    4    4    5
  65   1    3   20
  66   3    1    7    4    7    1   11
  67   2    3   12    2   13
  68   3    3   10    2   10    3   16
  69   1    3    6
  70   1    2    5
  71   3    1    4    1    4    1    7
  72   1    1   25
  73   1    4    9
  74   2    2    4    4    4
  75   1    4   18
  76   3    1    3    1    3    1    7
  77   1    1   14
  78   1    2    3
  79   1    1   23
  80   1    2    6
  81   1    1   26
  82   2    2    8    2    8
  83   2    4    5    3    6
  84   2    3    3    1    4
  85   1    4   41
  86   1    2   35
  87   2    4   13    2   13
  88   1    1    9
  89   1    1   15
  90   1    1    3
  91   1    3    1
  92   1    1    2
  93   1    3   22
  94   2    1   13    2   14
  95   1    2   20
  96   3    4    3    3    3    4    5
  97   3    3    3    1    3    2    6
  98   2    4    5    3    5
  99   2    3    4    2    5
 100   3    2    5    1    5    2    7
 101   3    2    2    4    2    1    3
 102   3    3    9    4    9    4   12
 103   3    1    4    4    4    1    8
 104   1    4    9
 105   3    4    6    4    6    1    9
 106   3    2    4    3    4    3    7
 107   2    3    9    4   10
 108   2    1   11    2   12
 109   2    4    5    3    6
 110   1    4    5
 111   2    2    9    2   10
 112   1    3   29
 113   3    1    6    1    6    3   11
 114   1    2   21
 115   1    4   10
 116   2    2    7    3    8
 117   1    4    3
 118   3    3   12    2   12    3   17
 119   2    2    4    1    5
 120   2    3   14    2   14
 121   1    1    8
 122   3    2    2    4    2    1    4
 123   1    2   16
 124   2    2    5    1    5
 125   3    1    8    3    8    1   12
 126   3    4    2    3    2    1    3
 127   2    1    7    4    8
 128   1    1   14
 129   1    4    6
 130   1    1   19
 131   2    1    5    4    6
 132   3    2    3    4    3    4    6
 133   2    1   11    4   12
 134   3    3    7    1    7    4   12
 135   1    1   17
 136   1    4    6
 137   3    2    2    1    2    4    5
 138   2    4    7    2    8
 139   2    1    7    1    7
 140   3    1    2    1    2    1    3
 141   2    3   13    3   14
 142   2    1    6    4    7
 143   2    4    5    3    6
 144   3    2    4    3    4    4    8
 145   2    2    5    2    5
 146   1    1    5
 147   1    2   25
 148   3    1    5    1    5    1    7
 149   2    1    9    1    9
 150   1    3   10
 151   2    3    9    2    9
 152   3    1    7    1    7    4   12
 153   3    3    3    1    3    1    5
 154   1    1   30
 155   1    4   21
 156   1    1   19
 157   2    4    7    2    8
 158   3    3    4    2    4    2    8
 159   1    4   29
 160   3    1    7    1    7    1   12
 161   1    1   37
 162   1    3   16
 163   1    2   12
 164   3    1    9    1    9    2   13
 165   3    2    2    4    2    1    4
 166   3    3    5    4    5    4    9
 167   2    4   10    1   10
 168   1    4   13
 169   2    1    7    2    8
 170   2    4   11    2   11
 171   1    1   28
 172   3    4    3    2    3    2    6
 173   1    1    6
 174   1    3   27
 175   1    4   14
 176   2    3    9    2    9
 177   1    1   17
 178   1    4   29
 179   1    1   13
 180   3    3    6    1    6    4   10
 181   2    1   12    1   13
 182   2    2   14    2   14
 183   3    4    8    1    8    2   11
 184   3    1    5    1    5    4    9
 185   1    3   10
 186   2    2    6    3    6
 187   3    1    4    3    4    4    6
 188   2    2   12    2   12
 189   3    4    4    1    4    3    8
 190   2    4   16    2   17
 191   2    2    7    2    8
 192   2    1    5    4    6
 193   3    1    5    3    5    2    8
 194   3    4    5    1    5    4    7
 195   2    2   10    3   11
 196   3    1    8    3    8    4   11
 197   1    1   19
 198   2    1   10    3   10
 199   1    4    5
