Instance: E121-07c.dat
Class:  5
  120 --- number of customers (no depot)
   25 --- number of vehicles
    8 --- number of stacks on the vehicle
  384 --- number of items
Capacity of the vehicle - height of each stacks
    900    10
Node - x - y - demand
    0    10.0    45.0     0.0
    1    25.0     1.0    25.0
    2    25.0     3.0     7.0
    3    31.0     5.0    13.0
    4    32.0     5.0     6.0
    5    31.0     7.0    14.0
    6    32.0     9.0     5.0
    7    34.0     9.0    11.0
    8    46.0     9.0    19.0
    9    35.0     7.0     5.0
   10    34.0     6.0    15.0
   11    35.0     5.0    15.0
   12    47.0     6.0    17.0
   13    40.0     5.0    13.0
   14    39.0     3.0    12.0
   15    36.0     3.0    18.0
   16    73.0     6.0    13.0
   17    73.0     8.0    18.0
   18    24.0    36.0    12.0
   19    76.0     6.0    17.0
   20    76.0    10.0     4.0
   21    76.0    13.0     7.0
   22    78.0     3.0    12.0
   23    78.0     9.0    13.0
   24    79.0     3.0     8.0
   25    79.0     5.0    16.0
   26    79.0    11.0    15.0
   27    82.0     3.0     6.0
   28    82.0     7.0     5.0
   29    90.0    15.0     9.0
   30    84.0     3.0    11.0
   31    84.0     5.0    10.0
   32    84.0     9.0     3.0
   33    85.0     1.0     7.0
   34    87.0     5.0     2.0
   35    85.0     8.0     4.0
   36    87.0     7.0     4.0
   37    86.0    41.0    18.0
   38    86.0    44.0    14.0
   39    86.0    46.0    12.0
   40    85.0    55.0    17.0
   41    89.0    43.0    20.0
   42    89.0    46.0    14.0
   43    89.0    52.0    16.0
   44    92.0    42.0    10.0
   45    92.0    52.0     9.0
   46    94.0    42.0    11.0
   47    94.0    44.0     7.0
   48    94.0    48.0    13.0
   49    96.0    42.0     5.0
   50    99.0    46.0     4.0
   51    99.0    50.0    21.0
   52    83.0    80.0    13.0
   53    83.0    83.0    11.0
   54    85.0    81.0    12.0
   55    85.0    85.0    14.0
   56    85.0    89.0    10.0
   57    87.0    80.0     8.0
   58    87.0    86.0    16.0
   59    90.0    77.0    19.0
   60    90.0    88.0     5.0
   61    93.0    82.0    17.0
   62    93.0    84.0     7.0
   63    93.0    89.0    16.0
   64    94.0    86.0    14.0
   65    95.0    80.0    17.0
   66    99.0    89.0    13.0
   67    37.0    83.0    17.0
   68    50.0    80.0    13.0
   69    35.0    85.0    14.0
   70    35.0    87.0    16.0
   71    44.0    86.0     7.0
   72    46.0    89.0    13.0
   73    46.0    83.0     9.0
   74    46.0    87.0    11.0
   75    46.0    89.0    35.0
   76    48.0    83.0     5.0
   77    50.0    85.0    28.0
   78    50.0    88.0     7.0
   79    54.0    86.0     3.0
   80    54.0    90.0    10.0
   81    10.0    35.0     7.0
   82    10.0    40.0    12.0
   83    18.0    30.0    11.0
   84    17.0    35.0    10.0
   85    16.0    38.0     8.0
   86    14.0    40.0    11.0
   87    15.0    42.0    21.0
   88    11.0    42.0     4.0
   89    18.0    40.0    15.0
   90    21.0    39.0    16.0
   91    20.0    40.0     4.0
   92    18.0    41.0    16.0
   93    20.0    44.0     7.0
   94    22.0    44.0    10.0
   95    16.0    45.0     9.0
   96    20.0    45.0    11.0
   97    25.0    45.0    17.0
   98    30.0    55.0    12.0
   99    20.0    50.0    11.0
  100    22.0    51.0     7.0
  101    18.0    49.0     9.0
  102    16.0    48.0    11.0
  103    20.0    55.0    12.0
  104    18.0    53.0     7.0
  105    14.0    50.0     8.0
  106    15.0    51.0     6.0
  107    16.0    54.0     5.0
  108    28.0    33.0    12.0
  109    33.0    38.0    13.0
  110    30.0    50.0     7.0
  111    13.0    40.0     7.0
  112    15.0    36.0     8.0
  113    18.0    31.0    11.0
  114    25.0    37.0    13.0
  115    30.0    46.0    11.0
  116    25.0    52.0    10.0
  117    16.0    33.0     7.0
  118    25.0    35.0     4.0
  119     5.0    40.0    20.0
  120     5.0    50.0    13.0
Node - number of items - height and weight for each item
   0   0
   1   5    3    5    2    5    1    5    2    5    3    5
   2   4    2    1    3    1    2    1    3    4
   3   1    1   13
   4   1    4    6
   5   4    2    3    4    3    1    3    1    5
   6   1    1    5
   7   4    3    2    1    2    1    2    3    5
   8   4    3    4    4    4    1    4    3    7
   9   1    4    5
  10   3    1    4    2    4    1    7
  11   5    1    3    2    3    3    3    3    3    3    3
  12   1    3   17
  13   2    1    6    1    7
  14   1    3   12
  15   1    2   18
  16   4    3    3    3    3    1    3    1    4
  17   2    2    9    2    9
  18   5    3    2    3    2    3    2    2    2    2    4
  19   4    3    4    3    4    2    4    4    5
  20   1    1    4
  21   1    3    7
  22   1    4   12
  23   4    1    3    2    3    4    3    2    4
  24   5    1    1    2    1    3    1    1    1    2    4
  25   3    4    4    4    4    2    8
  26   5    2    3    2    3    4    3    2    3    1    3
  27   1    1    6
  28   1    2    5
  29   5    2    1    4    1    3    1    4    1    2    5
  30   1    4   11
  31   5    3    2    1    2    2    2    4    2    2    2
  32   1    1    3
  33   5    3    1    4    1    3    1    3    1    3    3
  34   1    4    2
  35   1    4    4
  36   1    2    4
  37   1    3   18
  38   4    1    3    3    3    3    3    3    5
  39   1    2   12
  40   1    1   17
  41   2    2   10    3   10
  42   4    1    3    2    3    3    3    1    5
  43   3    3    4    1    4    3    8
  44   4    4    2    1    2    3    2    3    4
  45   5    3    1    1    1    2    1    4    1    4    5
  46   3    4    3    2    3    4    5
  47   5    3    1    1    1    4    1    4    1    1    3
  48   4    2    3    1    3    2    3    2    4
  49   1    2    5
  50   1    1    4
  51   4    4    5    3    5    3    5    4    6
  52   2    2    6    4    7
  53   3    4    3    1    3    1    5
  54   5    1    2    1    2    1    2    4    2    2    4
  55   5    2    2    2    2    4    2    4    2    1    6
  56   1    1   10
  57   5    2    1    2    1    4    1    1    1    4    4
  58   2    4    8    3    8
  59   3    2    5    4    5    3    9
  60   1    1    5
  61   5    4    3    3    3    1    3    1    3    3    5
  62   5    2    1    2    1    3    1    2    1    1    3
  63   4    3    4    4    4    2    4    1    4
  64   3    2    4    2    4    2    6
  65   2    4    8    2    9
  66   1    4   13
  67   3    2    5    2    5    4    7
  68   3    1    3    4    3    2    7
  69   1    3   14
  70   4    3    4    1    4    1    4    4    4
  71   5    1    1    3    1    3    1    1    1    1    3
  72   3    2    3    4    3    3    7
  73   4    4    2    1    2    4    2    1    3
  74   4    3    2    3    2    2    2    3    5
  75   4    3    8    2    8    4    8    3   11
  76   1    3    5
  77   4    3    7    4    7    2    7    4    7
  78   5    2    1    3    1    2    1    1    1    4    3
  79   1    3    3
  80   3    3    3    1    3    2    4
  81   5    3    1    4    1    2    1    3    1    3    3
  82   1    3   12
  83   3    3    3    2    3    1    5
  84   3    4    3    4    3    1    4
  85   1    2    8
  86   5    1    2    4    2    2    2    2    2    1    3
  87   2    3   10    4   11
  88   1    3    4
  89   3    3    4    1    4    1    7
  90   1    3   16
  91   1    2    4
  92   4    3    4    1    4    3    4    3    4
  93   3    1    2    4    2    3    3
  94   3    1    3    3    3    4    4
  95   1    4    9
  96   4    3    2    4    2    1    2    1    5
  97   5    2    3    4    3    3    3    1    3    1    5
  98   5    1    2    2    2    4    2    3    2    4    4
  99   5    3    2    4    2    4    2    1    2    1    3
 100   1    1    7
 101   5    2    1    4    1    1    1    4    1    1    5
 102   1    1   11
 103   3    3    3    4    3    4    6
 104   3    2    2    2    2    3    3
 105   1    2    8
 106   1    4    6
 107   1    2    5
 108   5    4    2    1    2    3    2    3    2    4    4
 109   5    2    2    2    2    1    2    2    2    2    5
 110   5    3    1    2    1    2    1    3    1    2    3
 111   5    4    1    2    1    2    1    4    1    4    3
 112   4    4    2    3    2    1    2    1    2
 113   4    2    2    1    2    2    2    1    5
 114   3    3    3    1    3    1    7
 115   2    4    5    1    6
 116   2    1    5    2    5
 117   2    3    3    3    4
 118   1    1    4
 119   2    3   10    4   10
 120   3    1    3    4    3    2    7
