Instance: E045-04f.dat
Class:  3
   44 --- number of customers (no depot)
   10 --- number of vehicles
    8 --- number of stacks on the vehicle
   87 --- number of items
Capacity of the vehicle - height of each stacks
    900    10
Node - x - y - demand
    0     0.0     0.0    0.0
    1     3.0     5.0   48.0
    2     2.5     9.0   48.0
    3    48.0    16.0   43.0
    4    48.0    17.0   45.0
    5    69.0    16.0   46.0
    6    70.0    16.0   48.0
    7    64.0    13.0   48.0
    8     3.0   -22.0   49.0
    9     2.5     1.0   49.0
   10   -13.0    11.5   43.0
   11   -20.0    45.0   47.0
   12    -9.0    52.0   42.0
   13    -8.5    53.0   43.0
   14    -8.0    52.0   28.0
   15     2.0     2.0   23.0
   16    -2.0     9.0   25.0
   17   -10.0    20.0   41.0
   18   -20.0    19.0   45.0
   19   -15.0   -21.0   14.0
   20    -5.0    -9.0   12.0
   21    -4.5    -9.0   20.0
   22   -52.0   -36.0   37.0
   23   -53.0   -36.0   29.0
   24     0.0     0.0   23.0
   25   -30.0   -18.0   22.0
   26   -51.0   -35.0   22.0
   27    81.0     9.0   14.0
   28    84.0   -99.0   38.0
   29    82.0    -6.0   24.0
   30    40.0   -12.0   32.0
   31    50.0    -7.0   35.0
   32    51.0    -8.0   35.0
   33    63.0   -17.0   49.0
   34    45.0    -1.0   45.0
   35    54.0     8.5   37.0
   36    29.0     4.0   37.0
   37    21.0     3.0   53.0
   38    22.0     2.0   52.0
   39    39.0    -3.0   51.0
   40    39.5    -3.0   54.0
   41    40.0   -11.0   48.0
   42    28.0    -2.0   50.0
   43    24.0   -18.0   49.0
   44    24.0   -19.0   50.0
Node - number of items - height and weight for each item
   0   0
   1   2    4   21    3   27
   2   3    4   14    3   19    1   15
   3   2    3   19    3   24
   4   3    1   13    2   18    2   14
   5   2    4   20    1   26
   6   1    4   48
   7   1    1   48
   8   2    4   22    2   27
   9   2    2   22    4   27
  10   2    1   19    3   24
  11   2    2   21    1   26
  12   2    1   18    1   24
  13   3    3   12    1   17    2   14
  14   3    3    8    2   11    2    9
  15   3    1    6    2    9    2    8
  16   3    1    7    2   10    4    8
  17   1    4   41
  18   1    1   45
  19   3    2    4    2    5    3    5
  20   1    4   12
  21   3    4    6    2    8    1    6
  22   3    4   11    1   14    2   12
  23   1    2   29
  24   1    4   23
  25   3    3    6    1    8    4    8
  26   1    4   22
  27   2    4    6    1    8
  28   1    3   38
  29   1    2   24
  30   1    2   32
  31   2    3   15    2   20
  32   3    3   10    2   14    3   11
  33   1    2   49
  34   3    1   13    2   18    3   14
  35   1    3   37
  36   1    2   37
  37   2    3   23    1   30
  38   3    4   15    1   20    2   17
  39   1    2   51
  40   1    2   54
  41   2    4   21    1   27
  42   1    2   50
  43   3    4   14    1   19    2   16
  44   1    2   50
