Instance: E051-05e.dat
Class:  3
   50 --- number of customers (no depot)
   11 --- number of vehicles
    8 --- number of stacks on the vehicle
  103 --- number of items
Capacity of the vehicle - height of each stacks
    900    10
Node - x - y - demand
    0    30.0    40.0     0.0
    1    37.0    52.0     7.0
    2    49.0    49.0    30.0
    3    52.0    64.0    16.0
    4    20.0    26.0     9.0
    5    40.0    30.0    21.0
    6    21.0    47.0    15.0
    7    17.0    63.0    19.0
    8    31.0    62.0    23.0
    9    52.0    33.0    11.0
   10    51.0    21.0     5.0
   11    42.0    41.0    19.0
   12    31.0    32.0    29.0
   13     5.0    25.0    23.0
   14    12.0    42.0    21.0
   15    36.0    16.0    10.0
   16    52.0    41.0    15.0
   17    27.0    23.0     3.0
   18    17.0    33.0    41.0
   19    13.0    13.0     9.0
   20    57.0    58.0    28.0
   21    62.0    42.0     8.0
   22    42.0    57.0     8.0
   23    16.0    57.0    16.0
   24     8.0    52.0    10.0
   25     7.0    38.0    28.0
   26    27.0    68.0     7.0
   27    30.0    48.0    15.0
   28    43.0    67.0    14.0
   29    58.0    48.0     6.0
   30    58.0    27.0    19.0
   31    37.0    69.0    11.0
   32    38.0    46.0    12.0
   33    46.0    10.0    23.0
   34    61.0    33.0    26.0
   35    62.0    63.0    17.0
   36    63.0    69.0     6.0
   37    32.0    22.0     9.0
   38    45.0    35.0    15.0
   39    59.0    15.0    14.0
   40     5.0     6.0     7.0
   41    10.0    17.0    27.0
   42    21.0    10.0    13.0
   43     5.0    64.0    11.0
   44    30.0    15.0    16.0
   45    39.0    10.0    10.0
   46    32.0    39.0     5.0
   47    25.0    32.0    25.0
   48    25.0    55.0    17.0
   49    48.0    28.0    18.0
   50    56.0    37.0    10.0
Node - number of items - height and weight for each item
   0   0
   1   1    4    7
   2   3    3    9    4    9    3   12
   3   3    1    4    3    4    3    8
   4   2    1    4    2    5
   5   3    2    6    4    6    1    9
   6   3    4    4    1    4    4    7
   7   1    2   19
   8   1    2   23
   9   1    4   11
  10   1    1    5
  11   1    3   19
  12   3    2    8    1    8    1   13
  13   1    1   23
  14   3    3    6    1    6    2    9
  15   3    3    3    2    3    2    4
  16   2    1    7    2    8
  17   1    2    3
  18   2    1   20    2   21
  19   1    4    9
  20   3    4    8    1    8    2   12
  21   2    2    4    3    4
  22   3    4    2    4    2    2    4
  23   3    1    4    4    4    1    8
  24   1    2   10
  25   1    2   28
  26   3    4    2    3    2    1    3
  27   2    4    7    4    8
  28   2    4    7    1    7
  29   1    3    6
  30   2    2    9    2   10
  31   2    3    5    2    6
  32   2    3    6    2    6
  33   2    3   11    2   12
  34   1    1   26
  35   2    2    8    3    9
  36   1    3    6
  37   3    2    2    3    2    1    5
  38   1    4   15
  39   1    1   14
  40   2    2    3    2    4
  41   3    2    8    4    8    1   11
  42   3    2    3    4    3    1    7
  43   3    2    3    2    3    2    5
  44   3    1    4    4    4    1    8
  45   3    3    3    2    3    1    4
  46   1    2    5
  47   1    3   25
  48   1    3   17
  49   3    3    5    4    5    1    8
  50   3    2    3    2    3    3    4
