Instance: E022-06m.dat
Class:  3
   21 --- number of customers (no depot)
    6 --- number of vehicles
    8 --- number of stacks on the vehicle
   40 --- number of items
Capacity of the vehicle - height of each stacks
    900    10
Node - x - y - demand
    0   145.0   215.0    0.0
    1   151.0   264.0  144.0
    2   159.0   261.0  100.0
    3   130.0   254.0   71.0
    4   128.0   252.0  137.0
    5   163.0   247.0  163.0
    6   146.0   246.0  115.0
    7   161.0   242.0  119.0
    8   142.0   239.0  149.0
    9   163.0   236.0  133.0
   10   148.0   232.0  159.0
   11   128.0   231.0   65.0
   12   156.0   217.0   90.0
   13   129.0   214.0   61.0
   14   146.0   208.0   73.0
   15   164.0   208.0   86.0
   16   141.0   206.0  118.0
   17   147.0   193.0   70.0
   18   164.0   193.0  123.0
   19   129.0   189.0   84.0
   20   155.0   185.0  160.0
   21   139.0   182.0   74.0
Node - number of items - height and weight for each item
   0   0
   1   2    2   64    2   80
   2   3    3   30    1   40    1   30
   3   2    3   31    2   40
   4   1    3  137
   5   3    3   48    2   65    4   50
   6   3    1   34    4   46    2   35
   7   1    4  119
   8   2    4   67    4   82
   9   3    4   39    1   53    1   41
  10   1    4  159
  11   2    3   29    1   36
  12   1    1   90
  13   1    2   61
  14   1    1   73
  15   2    4   38    4   48
  16   3    3   35    3   47    2   36
  17   1    4   70
  18   3    1   36    4   49    4   38
  19   2    2   37    1   47
  20   1    2  160
  21   2    1   33    1   41
