Instance: E101-10c.dat
Class:  2
  100 --- number of customers (no depot)
   19 --- number of vehicles
    8 --- number of stacks on the vehicle
  147 --- number of items
Capacity of the vehicle - height of each stacks
    900    10
Node - x - y - demand
    0    40.0    50.0     0.0
    1    45.0    68.0    10.0
    2    45.0    70.0    30.0
    3    42.0    66.0    10.0
    4    42.0    68.0    10.0
    5    42.0    65.0    10.0
    6    40.0    69.0    20.0
    7    40.0    66.0    20.0
    8    38.0    68.0    20.0
    9    38.0    70.0    10.0
   10    35.0    66.0    10.0
   11    35.0    69.0    10.0
   12    25.0    85.0    20.0
   13    22.0    75.0    30.0
   14    22.0    85.0    10.0
   15    20.0    80.0    40.0
   16    20.0    85.0    40.0
   17    18.0    75.0    20.0
   18    15.0    75.0    20.0
   19    15.0    80.0    10.0
   20    30.0    50.0    10.0
   21    30.0    52.0    20.0
   22    28.0    52.0    20.0
   23    28.0    55.0    10.0
   24    25.0    50.0    10.0
   25    25.0    52.0    40.0
   26    25.0    55.0    10.0
   27    23.0    52.0    10.0
   28    23.0    55.0    20.0
   29    20.0    50.0    10.0
   30    20.0    55.0    10.0
   31    10.0    35.0    20.0
   32    10.0    40.0    30.0
   33     8.0    40.0    40.0
   34     8.0    45.0    20.0
   35     5.0    35.0    10.0
   36     5.0    45.0    10.0
   37     2.0    40.0    20.0
   38     0.0    40.0    30.0
   39     0.0    45.0    20.0
   40    35.0    30.0    10.0
   41    35.0    32.0    10.0
   42    33.0    32.0    20.0
   43    33.0    35.0    10.0
   44    32.0    30.0    10.0
   45    30.0    30.0    10.0
   46    30.0    32.0    30.0
   47    30.0    35.0    10.0
   48    28.0    30.0    10.0
   49    28.0    35.0    10.0
   50    26.0    32.0    10.0
   51    25.0    30.0    10.0
   52    25.0    35.0    10.0
   53    44.0     5.0    20.0
   54    42.0    10.0    40.0
   55    42.0    15.0    10.0
   56    40.0     5.0    30.0
   57    40.0    15.0    40.0
   58    38.0     5.0    30.0
   59    38.0    15.0    10.0
   60    35.0     5.0    20.0
   61    50.0    30.0    10.0
   62    50.0    35.0    20.0
   63    50.0    40.0    50.0
   64    48.0    30.0    10.0
   65    48.0    40.0    10.0
   66    47.0    35.0    10.0
   67    47.0    40.0    10.0
   68    45.0    30.0    10.0
   69    45.0    35.0    10.0
   70    95.0    30.0    30.0
   71    95.0    35.0    20.0
   72    53.0    30.0    10.0
   73    92.0    30.0    10.0
   74    53.0    35.0    50.0
   75    45.0    65.0    20.0
   76    90.0    35.0    10.0
   77    88.0    30.0    10.0
   78    88.0    35.0    20.0
   79    87.0    30.0    10.0
   80    85.0    25.0    10.0
   81    85.0    35.0    30.0
   82    75.0    55.0    20.0
   83    72.0    55.0    10.0
   84    70.0    58.0    20.0
   85    68.0    60.0    30.0
   86    66.0    55.0    10.0
   87    65.0    55.0    20.0
   88    65.0    60.0    30.0
   89    63.0    58.0    10.0
   90    60.0    55.0    10.0
   91    60.0    60.0    10.0
   92    67.0    85.0    20.0
   93    65.0    85.0    40.0
   94    65.0    82.0    10.0
   95    62.0    80.0    30.0
   96    60.0    80.0    10.0
   97    60.0    85.0    30.0
   98    58.0    75.0    20.0
   99    55.0    80.0    10.0
  100    55.0    85.0    20.0
Node - number of items - height and weight for each item
   0   0
   1   1    4   10
   2   1    1   30
   3   1    1   10
   4   1    4   10
   5   2    2    5    1    5
   6   2    2   10    1   10
   7   1    4   20
   8   1    1   20
   9   1    4   10
  10   1    2   10
  11   2    3    5    4    5
  12   2    1   10    1   10
  13   2    4   15    2   15
  14   2    3    5    2    5
  15   2    4   20    2   20
  16   2    3   20    2   20
  17   2    2   10    3   10
  18   2    1   10    2   10
  19   2    3    5    4    5
  20   2    1    5    2    5
  21   2    1   10    1   10
  22   2    1   10    2   10
  23   1    3   10
  24   1    4   10
  25   2    1   20    1   20
  26   1    4   10
  27   2    3    5    3    5
  28   1    1   20
  29   1    2   10
  30   2    3    5    4    5
  31   1    2   20
  32   2    2   15    2   15
  33   1    3   40
  34   1    2   20
  35   2    1    5    2    5
  36   1    1   10
  37   1    4   20
  38   2    4   15    2   15
  39   2    4   10    3   10
  40   1    3   10
  41   1    1   10
  42   1    4   20
  43   1    2   10
  44   2    2    5    3    5
  45   1    2   10
  46   2    2   15    2   15
  47   2    2    5    3    5
  48   2    3    5    3    5
  49   2    2    5    4    5
  50   2    2    5    2    5
  51   2    4    5    4    5
  52   1    2   10
  53   1    4   20
  54   2    1   20    3   20
  55   2    2    5    3    5
  56   1    1   30
  57   1    4   40
  58   2    3   15    1   15
  59   1    2   10
  60   2    2   10    3   10
  61   2    3    5    3    5
  62   2    2   10    1   10
  63   1    4   50
  64   2    4    5    4    5
  65   1    2   10
  66   2    2    5    3    5
  67   1    2   10
  68   1    2   10
  69   1    4   10
  70   1    4   30
  71   1    1   20
  72   2    3    5    1    5
  73   1    2   10
  74   2    3   25    3   25
  75   2    3   10    2   10
  76   1    1   10
  77   2    4    5    3    5
  78   1    3   20
  79   1    2   10
  80   1    1   10
  81   1    1   30
  82   2    2   10    3   10
  83   1    2   10
  84   1    3   20
  85   1    2   30
  86   1    4   10
  87   1    4   20
  88   1    3   30
  89   1    3   10
  90   1    3   10
  91   2    2    5    4    5
  92   2    4   10    4   10
  93   1    4   40
  94   2    4    5    3    5
  95   1    1   30
  96   2    2    5    3    5
  97   1    1   30
  98   1    2   20
  99   2    3    5    3    5
 100   2    1   10    4   10
