Instance: E076-14s.dat
Class:  2
   75 --- number of customers (no depot)
   17 --- number of vehicles
    8 --- number of stacks on the vehicle
  124 --- number of items
Capacity of the vehicle - height of each stacks
    900    10
Node - x - y - demand
    0    40.0    40.0     0.0
    1    22.0    22.0    18.0
    2    36.0    26.0    26.0
    3    21.0    45.0    11.0
    4    45.0    35.0    30.0
    5    55.0    20.0    21.0
    6    33.0    34.0    19.0
    7    50.0    50.0    15.0
    8    55.0    45.0    16.0
    9    26.0    59.0    29.0
   10    40.0    66.0    26.0
   11    55.0    65.0    37.0
   12    35.0    51.0    16.0
   13    62.0    35.0    12.0
   14    62.0    57.0    31.0
   15    62.0    24.0     8.0
   16    21.0    36.0    19.0
   17    33.0    44.0    20.0
   18     9.0    56.0    13.0
   19    62.0    48.0    15.0
   20    66.0    14.0    22.0
   21    44.0    13.0    28.0
   22    26.0    13.0    12.0
   23    11.0    28.0     6.0
   24     7.0    43.0    27.0
   25    17.0    64.0    14.0
   26    41.0    46.0    18.0
   27    55.0    34.0    17.0
   28    35.0    16.0    29.0
   29    52.0    26.0    13.0
   30    43.0    26.0    22.0
   31    31.0    76.0    25.0
   32    22.0    53.0    28.0
   33    26.0    29.0    27.0
   34    50.0    40.0    19.0
   35    55.0    50.0    10.0
   36    54.0    10.0    12.0
   37    60.0    15.0    14.0
   38    47.0    66.0    24.0
   39    30.0    60.0    16.0
   40    30.0    50.0    33.0
   41    12.0    17.0    15.0
   42    15.0    14.0    11.0
   43    16.0    19.0    18.0
   44    21.0    48.0    17.0
   45    50.0    30.0    21.0
   46    51.0    42.0    27.0
   47    50.0    15.0    19.0
   48    48.0    21.0    20.0
   49    12.0    38.0     5.0
   50    15.0    56.0    22.0
   51    29.0    39.0    12.0
   52    54.0    38.0    19.0
   53    55.0    57.0    22.0
   54    67.0    41.0    16.0
   55    10.0    70.0     7.0
   56     6.0    25.0    26.0
   57    65.0    27.0    14.0
   58    40.0    60.0    21.0
   59    70.0    64.0    24.0
   60    64.0     4.0    13.0
   61    36.0     6.0    15.0
   62    30.0    20.0    18.0
   63    20.0    30.0    11.0
   64    15.0     5.0    28.0
   65    50.0    70.0     9.0
   66    57.0    72.0    37.0
   67    45.0    42.0    30.0
   68    38.0    33.0    10.0
   69    50.0     4.0     8.0
   70    66.0     8.0    11.0
   71    59.0     5.0     3.0
   72    35.0    60.0     1.0
   73    27.0    24.0     6.0
   74    40.0    20.0    10.0
   75    40.0    37.0    20.0
Node - number of items - height and weight for each item
   0   0
   1   1    2   18
   2   2    4   13    4   13
   3   2    1    5    1    6
   4   2    3   15    1   15
   5   2    3   10    1   11
   6   2    1    9    4   10
   7   1    2   15
   8   2    1    8    4    8
   9   1    1   29
  10   1    1   26
  11   1    4   37
  12   2    4    8    2    8
  13   2    1    6    1    6
  14   1    4   31
  15   2    1    4    4    4
  16   2    4    9    2   10
  17   1    4   20
  18   1    2   13
  19   2    1    7    2    8
  20   2    3   11    4   11
  21   1    3   28
  22   2    3    6    1    6
  23   1    3    6
  24   2    4   13    1   14
  25   1    3   14
  26   2    3    9    3    9
  27   2    2    8    3    9
  28   2    3   14    2   15
  29   2    4    6    1    7
  30   2    2   11    1   11
  31   1    2   25
  32   2    2   14    2   14
  33   2    2   13    3   14
  34   2    3    9    4   10
  35   1    3   10
  36   2    3    6    4    6
  37   2    4    7    1    7
  38   2    3   12    4   12
  39   2    2    8    2    8
  40   2    3   16    3   17
  41   2    1    7    2    8
  42   1    2   11
  43   2    1    9    4    9
  44   2    1    8    2    9
  45   1    3   21
  46   1    2   27
  47   2    4    9    1   10
  48   2    3   10    2   10
  49   1    4    5
  50   2    3   11    1   11
  51   2    3    6    3    6
  52   2    4    9    3   10
  53   2    4   11    2   11
  54   2    4    8    1    8
  55   2    3    3    2    4
  56   2    1   13    1   13
  57   2    3    7    4    7
  58   2    2   10    1   11
  59   1    4   24
  60   2    3    6    2    7
  61   1    2   15
  62   1    2   18
  63   2    3    5    2    6
  64   2    3   14    4   14
  65   1    3    9
  66   1    2   37
  67   1    3   30
  68   1    2   10
  69   1    2    8
  70   2    1    5    3    6
  71   1    1    3
  72   1    2    1
  73   1    4    6
  74   1    4   10
  75   1    2   20
