Instance: E033-05s.dat
Class:  4
   32 --- number of customers (no depot)
    9 --- number of vehicles
    8 --- number of stacks on the vehicle
   84 --- number of items
Capacity of the vehicle - height of each stacks
    900    10
Node - x - y - demand
    0   292.0   495.0    0.0
    1   298.0   427.0  104.0
    2   309.0   445.0  100.0
    3   307.0   464.0  100.0
    4   336.0   475.0  105.0
    5   320.0   439.0  101.0
    6   321.0   437.0  104.0
    7   322.0   437.0   98.0
    8   323.0   433.0   39.0
    9   324.0   433.0   68.0
   10   323.0   429.0   82.0
   11   314.0   435.0   96.0
   12   311.0   442.0   96.0
   13   304.0   427.0   93.0
   14   293.0   421.0   94.0
   15   296.0   418.0   94.0
   16   261.0   384.0   28.0
   17   297.0   410.0  101.0
   18   315.0   407.0   22.0
   19   314.0   406.0   70.0
   20   321.0   391.0   87.0
   21   321.0   398.0   52.0
   22   314.0   394.0   75.0
   23   313.0   378.0   56.0
   24   304.0   382.0   47.0
   25   295.0   402.0   90.0
   26   283.0   406.0   90.0
   27   279.0   399.0   91.0
   28   271.0   401.0   95.0
   29   264.0   414.0   95.0
   30   277.0   439.0   96.0
   31   290.0   434.0   95.0
   32   319.0   433.0   91.0
Node - number of items - height and weight for each item
   0   0
   1   1    1  104
   2   1    2  100
   3   2    4   45    4   55
   4   4    3   26    4   21    3   36    4   22
   5   1    2  101
   6   2    2   46    4   58
   7   1    1   98
   8   4    1    9    2    7    4   13    4   10
   9   4    4   17    3   13    3   23    2   15
  10   3    3   24    4   32    2   26
  11   2    2   43    4   53
  12   2    3   43    1   53
  13   4    4   23    1   18    1   32    4   20
  14   2    1   42    3   52
  15   4    2   23    4   18    1   32    1   21
  16   4    4    7    3    5    3    9    4    7
  17   2    3   45    4   56
  18   4    3    5    4    4    4    7    3    6
  19   2    2   31    3   39
  20   2    2   39    1   48
  21   2    1   23    1   29
  22   4    1   18    3   15    3   26    4   16
  23   1    4   56
  24   1    4   47
  25   4    1   22    1   18    4   31    4   19
  26   3    3   27    2   36    3   27
  27   2    2   40    1   51
  28   3    1   28    2   38    2   29
  29   2    1   42    1   53
  30   4    3   24    4   19    2   33    3   20
  31   3    2   28    3   38    2   29
  32   4    4   22    2   18    1   31    4   20
