Instance: E241-22k.dat
Class:  4
  240 --- number of customers (no depot)
   50 --- number of vehicles
    8 --- number of stacks on the vehicle
  604 --- number of items
Capacity of the vehicle - height of each stacks
    900    10
Node - x - y - demand
    0     0.0     0.0     0.0
    1     5.8     0.0    40.0
    2     2.9     5.0    40.0
    3    -2.9     5.0    40.0
    4    -5.8     0.0    40.0
    5    -2.9    -5.0    40.0
    6     2.9    -5.0    40.0
    7     8.7     5.0    40.0
    8     0.0    10.0    40.0
    9    -8.7     5.0    40.0
   10    -8.7    -5.0    40.0
   11     0.0   -10.0    40.0
   12     8.7    -5.0    40.0
   13     5.3     0.8    10.0
   14     3.3     4.3    10.0
   15     6.5    -1.3    10.0
   16     7.2    -2.5    20.0
   17     7.9    -3.8    10.0
   18     6.5     1.3    10.0
   19     7.2     2.5    20.0
   20     7.9     3.8    10.0
   21     2.0     5.0    10.0
   22    -2.0     5.0    10.0
   23     4.3     5.0    10.0
   24     5.8     5.0    20.0
   25     7.2     5.0    10.0
   26     2.2     6.3    10.0
   27     1.4     7.5    20.0
   28     0.7     8.8    10.0
   29    -3.3     4.3    10.0
   30    -5.3     0.8    10.0
   31    -2.2     6.3    10.0
   32    -1.4     7.5    20.0
   33    -0.7     8.8    10.0
   34    -4.3     5.0    10.0
   35    -5.8     5.0    20.0
   36    -7.2     5.0    10.0
   37    -5.3    -0.8    10.0
   38    -3.3    -4.3    10.0
   39    -6.5     1.3    10.0
   40    -7.2     2.5    20.0
   41    -7.9     3.8    10.0
   42    -6.5    -1.3    10.0
   43    -7.2    -2.5    20.0
   44    -7.9    -3.8    10.0
   45    -2.0    -5.0    10.0
   46     2.0    -5.0    10.0
   47    -4.3    -5.0    10.0
   48    -5.8    -5.0    20.0
   49    -7.2    -5.0    10.0
   50    -2.2    -6.3    10.0
   51    -1.4    -7.5    20.0
   52    -0.7    -8.8    10.0
   53     3.3    -4.3    10.0
   54     5.3    -0.8    10.0
   55     2.2    -6.3    10.0
   56     1.4    -7.5    20.0
   57     0.7    -8.8    10.0
   58     4.3    -5.0    10.0
   59     5.8    -5.0    20.0
   60     7.2    -5.0    10.0
   61     7.2     0.0    40.0
   62     3.6     6.3    40.0
   63    -3.6     6.3    40.0
   64    -7.2     0.0    40.0
   65    -3.6    -6.3    40.0
   66     3.6    -6.3    40.0
   67    10.8     6.3    40.0
   68     0.0    12.5    40.0
   69   -10.8     6.3    40.0
   70   -10.8    -6.3    40.0
   71     0.0   -12.5    40.0
   72    10.8    -6.3    40.0
   73     6.7     0.9    10.0
   74     4.1     5.3    10.0
   75     8.1    -1.6    10.0
   76     9.0    -3.1    20.0
   77     9.9    -4.7    10.0
   78     8.1     1.6    10.0
   79     9.0     3.1    20.0
   80     9.9     4.7    10.0
   81     2.5     6.3    10.0
   82    -2.5     6.3    10.0
   83     5.4     6.3    10.0
   84     7.2     6.3    20.0
   85     9.0     6.3    10.0
   86     2.7     7.8    10.0
   87     1.8     9.4    20.0
   88     0.9    10.9    10.0
   89    -4.1     5.3    10.0
   90    -6.7     0.9    10.0
   91    -2.7     7.8    10.0
   92    -1.8     9.4    20.0
   93    -0.9    10.9    10.0
   94    -5.4     6.3    10.0
   95    -7.2     6.3    20.0
   96    -9.0     6.3    10.0
   97    -6.7    -0.9    10.0
   98    -4.1    -5.3    10.0
   99    -8.1     1.6    10.0
  100    -9.0     3.1    20.0
  101    -9.9     4.7    10.0
  102    -8.1    -1.6    10.0
  103    -9.0    -3.1    20.0
  104    -9.9    -4.7    10.0
  105    -2.5    -6.3    10.0
  106     2.5    -6.3    10.0
  107    -5.4    -6.3    10.0
  108    -7.2    -6.3    20.0
  109    -9.0    -6.3    10.0
  110    -2.7    -7.8    10.0
  111    -1.8    -9.4    20.0
  112    -0.9   -10.9    10.0
  113     4.1    -5.3    10.0
  114     6.7    -0.9    10.0
  115     2.7    -7.8    10.0
  116     1.8    -9.4    20.0
  117     0.9   -10.9    10.0
  118     5.4    -6.3    10.0
  119     7.2    -6.3    20.0
  120     9.0    -6.3    10.0
  121     9.0     0.0    40.0
  122     4.5     7.8    40.0
  123    -4.5     7.8    40.0
  124    -9.0     0.0    40.0
  125    -4.5    -7.8    40.0
  126     4.5    -7.8    40.0
  127    13.5     7.8    40.0
  128     0.0    15.6    40.0
  129   -13.5     7.8    40.0
  130   -13.5    -7.8    40.0
  131     0.0   -15.6    40.0
  132    13.5    -7.8    40.0
  133     8.3     1.2    10.0
  134     5.2     6.6    10.0
  135    10.1    -2.0    10.0
  136    11.3    -3.9    20.0
  137    12.4    -5.9    10.0
  138    10.1     2.0    10.0
  139    11.3     3.9    20.0
  140    12.4     5.9    10.0
  141     3.2     7.8    10.0
  142    -3.2     7.8    10.0
  143     6.8     7.8    10.0
  144     9.0     7.8    20.0
  145    11.3     7.8    10.0
  146     3.4     9.8    10.0
  147     2.3    11.7    20.0
  148     1.1    13.7    10.0
  149    -5.2     6.6    10.0
  150    -8.3     1.2    10.0
  151    -3.4     9.8    10.0
  152    -2.3    11.7    20.0
  153    -1.1    13.7    10.0
  154    -6.8     7.8    10.0
  155    -9.0     7.8    20.0
  156   -11.3     7.8    10.0
  157    -8.3    -1.2    10.0
  158    -5.2    -6.6    10.0
  159   -10.1     2.0    10.0
  160   -11.3     3.9    20.0
  161   -12.4     5.9    10.0
  162   -10.1    -2.0    10.0
  163   -11.3    -3.9    20.0
  164   -12.4    -5.9    10.0
  165    -3.2    -7.8    10.0
  166     3.2    -7.8    10.0
  167    -6.8    -7.8    10.0
  168    -9.0    -7.8    20.0
  169   -11.3    -7.8    10.0
  170    -3.4    -9.8    10.0
  171    -2.3   -11.7    20.0
  172    -1.1   -13.7    10.0
  173     5.2    -6.6    10.0
  174     8.3    -1.2    10.0
  175     3.4    -9.8    10.0
  176     2.3   -11.7    20.0
  177     1.1   -13.7    10.0
  178     6.8    -7.8    10.0
  179     9.0    -7.8    20.0
  180    11.3    -7.8    10.0
  181    11.3     0.0    40.0
  182     5.6     9.8    40.0
  183    -5.6     9.8    40.0
  184   -11.3     0.0    40.0
  185    -5.6    -9.8    40.0
  186     5.6    -9.8    40.0
  187    16.9     9.8    40.0
  188     0.0    19.5    40.0
  189   -16.9     9.8    40.0
  190   -16.9    -9.8    40.0
  191     0.0   -19.5    40.0
  192    16.9    -9.8    40.0
  193    10.4     1.5    10.0
  194     6.5     8.3    10.0
  195    12.7    -2.4    10.0
  196    14.1    -4.9    20.0
  197    15.5    -7.3    10.0
  198    12.7     2.4    10.0
  199    14.1     4.9    20.0
  200    15.5     7.3    10.0
  201     3.9     9.8    10.0
  202    -3.9     9.8    10.0
  203     8.5     9.8    10.0
  204    11.3     9.8    20.0
  205    14.1     9.8    10.0
  206     4.2    12.2    10.0
  207     2.8    14.6    20.0
  208     1.4    17.1    10.0
  209    -6.5     8.3    10.0
  210   -10.4     1.5    10.0
  211    -4.2    12.2    10.0
  212    -2.8    14.6    20.0
  213    -1.4    17.1    10.0
  214    -8.5     9.8    10.0
  215   -11.3     9.8    20.0
  216   -14.1     9.8    10.0
  217   -10.4    -1.5    10.0
  218    -6.5    -8.3    10.0
  219   -12.7     2.4    10.0
  220   -14.1     4.9    20.0
  221   -15.5     7.3    10.0
  222   -12.7    -2.4    10.0
  223   -14.1    -4.9    20.0
  224   -15.5    -7.3    10.0
  225    -3.9    -9.8    10.0
  226     3.9    -9.8    10.0
  227    -8.5    -9.8    10.0
  228   -11.3    -9.8    20.0
  229   -14.1    -9.8    10.0
  230    -4.2   -12.2    10.0
  231    -2.8   -14.6    20.0
  232    -1.4   -17.1    10.0
  233     6.5    -8.3    10.0
  234    10.4    -1.5    10.0
  235     4.2   -12.2    10.0
  236     2.8   -14.6    20.0
  237     1.4   -17.1    10.0
  238     8.5    -9.8    10.0
  239    11.3    -9.8    20.0
  240    14.1    -9.8    10.0
Node - number of items - height and weight for each item
   0   0
   1   1    1   40
   2   4    1   10    2   10    1   10    4   10
   3   1    4   40
   4   4    2   10    4   10    4   10    1   10
   5   4    1   10    2   10    3   10    4   10
   6   4    3   10    2   10    3   10    2   10
   7   2    2   20    1   20
   8   1    3   40
   9   2    3   20    3   20
  10   3    4   12    3   12    3   16
  11   2    2   20    3   20
  12   1    4   40
  13   3    2    3    3    3    1    4
  14   4    3    2    4    2    2    2    2    4
  15   3    1    3    4    3    3    4
  16   2    3   10    3   10
  17   3    2    3    1    3    1    4
  18   4    2    2    2    2    4    2    1    4
  19   4    1    5    3    5    1    5    2    5
  20   4    2    2    1    2    3    2    4    4
  21   2    3    5    3    5
  22   1    3   10
  23   3    4    3    2    3    4    4
  24   2    3   10    3   10
  25   3    3    3    4    3    2    4
  26   4    3    2    4    2    1    2    3    4
  27   3    3    6    1    6    3    8
  28   4    4    2    2    2    1    2    4    4
  29   1    1   10
  30   3    3    3    4    3    4    4
  31   4    2    2    4    2    3    2    1    4
  32   2    1   10    1   10
  33   1    1   10
  34   4    2    2    3    2    2    2    4    4
  35   4    1    5    4    5    3    5    3    5
  36   1    1   10
  37   4    4    2    2    2    1    2    1    4
  38   1    1   10
  39   1    2   10
  40   1    2   20
  41   2    2    5    3    5
  42   4    4    2    4    2    3    2    3    4
  43   3    3    6    1    6    2    8
  44   2    4    5    4    5
  45   1    2   10
  46   1    2   10
  47   1    1   10
  48   1    1   20
  49   2    3    5    3    5
  50   1    2   10
  51   3    1    6    2    6    2    8
  52   1    1   10
  53   1    1   10
  54   3    1    3    2    3    4    4
  55   2    2    5    4    5
  56   3    2    6    2    6    3    8
  57   4    2    2    4    2    2    2    3    4
  58   2    2    5    1    5
  59   1    2   20
  60   3    2    3    2    3    1    4
  61   4    3   10    4   10    3   10    1   10
  62   2    4   20    3   20
  63   4    4   10    4   10    2   10    2   10
  64   2    3   20    3   20
  65   1    3   40
  66   3    2   12    4   12    1   16
  67   2    2   20    4   20
  68   2    1   20    1   20
  69   4    1   10    3   10    1   10    1   10
  70   3    4   12    4   12    1   16
  71   2    2   20    1   20
  72   2    2   20    4   20
  73   3    1    3    4    3    3    4
  74   4    2    2    2    2    2    2    4    4
  75   2    4    5    3    5
  76   1    4   20
  77   1    4   10
  78   4    1    2    4    2    2    2    1    4
  79   1    4   20
  80   4    4    2    4    2    2    2    4    4
  81   1    2   10
  82   2    3    5    4    5
  83   4    4    2    4    2    1    2    1    4
  84   2    4   10    4   10
  85   3    1    3    2    3    3    4
  86   3    2    3    3    3    1    4
  87   2    4   10    1   10
  88   3    2    3    2    3    2    4
  89   3    1    3    3    3    4    4
  90   1    3   10
  91   3    4    3    1    3    2    4
  92   2    4   10    4   10
  93   2    1    5    3    5
  94   2    1    5    4    5
  95   4    4    5    1    5    1    5    3    5
  96   4    2    2    1    2    3    2    1    4
  97   1    2   10
  98   4    3    2    4    2    3    2    3    4
  99   1    3   10
 100   4    3    5    1    5    1    5    4    5
 101   1    4   10
 102   1    2   10
 103   4    1    5    1    5    1    5    4    5
 104   2    4    5    1    5
 105   1    2   10
 106   1    1   10
 107   2    3    5    3    5
 108   3    1    6    1    6    3    8
 109   1    2   10
 110   4    1    2    4    2    3    2    1    4
 111   1    2   20
 112   1    2   10
 113   3    3    3    3    3    1    4
 114   4    1    2    1    2    4    2    4    4
 115   4    4    2    2    2    3    2    1    4
 116   2    2   10    2   10
 117   4    3    2    4    2    4    2    1    4
 118   3    3    3    1    3    2    4
 119   2    3   10    3   10
 120   2    2    5    3    5
 121   2    4   20    4   20
 122   3    1   12    4   12    3   16
 123   1    3   40
 124   4    2   10    3   10    4   10    1   10
 125   3    4   12    4   12    4   16
 126   1    1   40
 127   2    4   20    4   20
 128   1    2   40
 129   3    2   12    1   12    4   16
 130   1    3   40
 131   4    2   10    2   10    4   10    1   10
 132   2    3   20    1   20
 133   4    1    2    4    2    2    2    2    4
 134   2    3    5    1    5
 135   4    2    2    3    2    3    2    3    4
 136   4    2    5    1    5    4    5    2    5
 137   4    1    2    3    2    4    2    1    4
 138   4    4    2    1    2    2    2    1    4
 139   3    1    6    4    6    2    8
 140   1    4   10
 141   3    3    3    4    3    4    4
 142   4    3    2    2    2    2    2    4    4
 143   1    2   10
 144   2    4   10    3   10
 145   3    1    3    3    3    4    4
 146   4    1    2    1    2    2    2    2    4
 147   2    4   10    1   10
 148   2    1    5    4    5
 149   4    4    2    1    2    4    2    3    4
 150   3    1    3    2    3    2    4
 151   2    4    5    2    5
 152   1    2   20
 153   1    4   10
 154   1    1   10
 155   4    2    5    4    5    1    5    3    5
 156   3    4    3    4    3    3    4
 157   1    2   10
 158   2    3    5    1    5
 159   3    1    3    3    3    2    4
 160   1    1   20
 161   2    1    5    4    5
 162   2    4    5    1    5
 163   1    4   20
 164   4    4    2    1    2    2    2    4    4
 165   1    2   10
 166   1    2   10
 167   4    4    2    1    2    4    2    4    4
 168   2    1   10    4   10
 169   1    4   10
 170   4    1    2    3    2    3    2    2    4
 171   1    4   20
 172   3    1    3    1    3    3    4
 173   3    4    3    3    3    4    4
 174   3    2    3    1    3    1    4
 175   4    4    2    3    2    3    2    2    4
 176   2    4   10    4   10
 177   3    4    3    1    3    2    4
 178   1    3   10
 179   1    2   20
 180   4    3    2    3    2    4    2    4    4
 181   4    2   10    3   10    1   10    3   10
 182   4    2   10    2   10    3   10    4   10
 183   3    3   12    4   12    3   16
 184   3    4   12    2   12    3   16
 185   4    1   10    4   10    3   10    2   10
 186   3    3   12    2   12    2   16
 187   2    4   20    1   20
 188   4    4   10    4   10    1   10    4   10
 189   1    4   40
 190   3    4   12    4   12    1   16
 191   1    3   40
 192   3    3   12    2   12    3   16
 193   4    2    2    1    2    2    2    3    4
 194   3    1    3    1    3    1    4
 195   1    3   10
 196   4    2    5    3    5    4    5    4    5
 197   2    2    5    4    5
 198   2    3    5    1    5
 199   3    2    6    1    6    1    8
 200   2    1    5    1    5
 201   2    4    5    2    5
 202   2    4    5    4    5
 203   2    3    5    3    5
 204   4    1    5    2    5    2    5    4    5
 205   4    2    2    4    2    4    2    2    4
 206   2    1    5    4    5
 207   3    1    6    4    6    2    8
 208   3    2    3    2    3    3    4
 209   2    4    5    3    5
 210   2    4    5    1    5
 211   2    4    5    2    5
 212   1    1   20
 213   2    2    5    3    5
 214   1    3   10
 215   1    4   20
 216   4    4    2    4    2    1    2    4    4
 217   3    1    3    2    3    3    4
 218   3    4    3    2    3    3    4
 219   4    3    2    2    2    3    2    1    4
 220   2    3   10    1   10
 221   4    4    2    4    2    4    2    3    4
 222   2    2    5    4    5
 223   4    3    5    2    5    1    5    4    5
 224   4    1    2    1    2    4    2    4    4
 225   3    2    3    2    3    4    4
 226   4    3    2    1    2    3    2    2    4
 227   2    4    5    3    5
 228   3    1    6    4    6    1    8
 229   4    2    2    1    2    4    2    4    4
 230   2    4    5    2    5
 231   4    1    5    1    5    4    5    1    5
 232   1    2   10
 233   4    1    2    2    2    4    2    2    4
 234   3    2    3    1    3    4    4
 235   3    3    3    3    3    2    4
 236   3    4    6    1    6    1    8
 237   3    3    3    3    3    4    4
 238   2    1    5    3    5
 239   2    1   10    1   10
 240   1    4   10
