Instance: E030-03g.dat
Class:  1
   29 --- number of customers (no depot)
    3 --- number of vehicles
    8 --- number of stacks on the vehicle
   29 --- number of items
Capacity of the vehicle - height of each stacks
    900    10
Node - x - y - demand
    0   162.0   354.0    0.0
    1   218.0   382.0   33.0
    2   218.0   358.0   30.0
    3   201.0   370.0   41.0
    4   214.0   371.0   33.0
    5   224.0   370.0   40.0
    6   210.0   382.0   34.0
    7   104.0   354.0   59.0
    8   126.0   338.0   23.0
    9   119.0   340.0   30.0
   10   129.0   349.0   35.0
   11   126.0   347.0   17.0
   12   125.0   346.0   28.0
   13   116.0   355.0   33.0
   14   126.0   335.0   42.0
   15   125.0   355.0   13.0
   16   119.0   357.0   42.0
   17   115.0   341.0   16.0
   18   153.0   351.0   47.0
   19   175.0   363.0   29.0
   20   180.0   360.0   43.0
   21   159.0   331.0   22.0
   22   188.0   357.0   33.0
   23   152.0   349.0   51.0
   24   215.0   389.0   28.0
   25   212.0   394.0   50.0
   26   188.0   393.0   37.0
   27   207.0   406.0   51.0
   28   184.0   410.0   26.0
   29   207.0   392.0   43.0
Node - number of items - height and weight for each item
   0   0
   1   1    1   33
   2   1    2   30
   3   1    3   41
   4   1    1   33
   5   1    4   40
   6   1    1   34
   7   1    3   59
   8   1    4   23
   9   1    3   30
  10   1    2   35
  11   1    4   17
  12   1    1   28
  13   1    3   33
  14   1    4   42
  15   1    4   13
  16   1    2   42
  17   1    2   16
  18   1    2   47
  19   1    4   29
  20   1    1   43
  21   1    3   22
  22   1    4   33
  23   1    3   51
  24   1    3   28
  25   1    1   50
  26   1    4   37
  27   1    1   51
  28   1    4   26
  29   1    4   43
