Instance: E101-08e.dat
Class:  5
  100 --- number of customers (no depot)
   22 --- number of vehicles
    8 --- number of stacks on the vehicle
  311 --- number of items
Capacity of the vehicle - height of each stacks
    900    10
Node - x - y - demand
    0    35.0    35.0     0.0
    1    41.0    49.0    10.0
    2    35.0    17.0     7.0
    3    55.0    45.0    13.0
    4    55.0    20.0    19.0
    5    15.0    30.0    26.0
    6    25.0    30.0     3.0
    7    20.0    50.0     5.0
    8    10.0    43.0     9.0
    9    55.0    60.0    16.0
   10    30.0    60.0    16.0
   11    20.0    65.0    12.0
   12    50.0    35.0    19.0
   13    30.0    25.0    23.0
   14    15.0    10.0    20.0
   15    30.0     5.0     8.0
   16    10.0    20.0    19.0
   17     5.0    30.0     2.0
   18    20.0    40.0    12.0
   19    15.0    60.0    17.0
   20    45.0    65.0     9.0
   21    45.0    20.0    11.0
   22    45.0    10.0    18.0
   23    55.0     5.0    29.0
   24    65.0    35.0     3.0
   25    65.0    20.0     6.0
   26    45.0    30.0    17.0
   27    35.0    40.0    16.0
   28    41.0    37.0    16.0
   29    64.0    42.0     9.0
   30    40.0    60.0    21.0
   31    31.0    52.0    27.0
   32    35.0    69.0    23.0
   33    53.0    52.0    11.0
   34    65.0    55.0    14.0
   35    63.0    65.0     8.0
   36     2.0    60.0     5.0
   37    20.0    20.0     8.0
   38     5.0     5.0    16.0
   39    60.0    12.0    31.0
   40    40.0    25.0     9.0
   41    42.0     7.0     5.0
   42    24.0    12.0     5.0
   43    23.0     3.0     7.0
   44    11.0    14.0    18.0
   45     6.0    38.0    16.0
   46     2.0    48.0     1.0
   47     8.0    56.0    27.0
   48    13.0    52.0    36.0
   49     6.0    68.0    30.0
   50    47.0    47.0    13.0
   51    49.0    58.0    10.0
   52    27.0    43.0     9.0
   53    37.0    31.0    14.0
   54    57.0    29.0    18.0
   55    63.0    23.0     2.0
   56    53.0    12.0     6.0
   57    32.0    12.0     7.0
   58    36.0    26.0    18.0
   59    21.0    24.0    28.0
   60    17.0    34.0     3.0
   61    12.0    24.0    13.0
   62    24.0    58.0    19.0
   63    27.0    69.0    10.0
   64    15.0    77.0     9.0
   65    62.0    77.0    20.0
   66    49.0    73.0    25.0
   67    67.0     5.0    25.0
   68    56.0    39.0    36.0
   69    37.0    47.0     6.0
   70    37.0    56.0     5.0
   71    57.0    68.0    15.0
   72    47.0    16.0    25.0
   73    44.0    17.0     9.0
   74    46.0    13.0     8.0
   75    49.0    11.0    18.0
   76    49.0    42.0    13.0
   77    53.0    43.0    14.0
   78    61.0    52.0     3.0
   79    57.0    48.0    23.0
   80    56.0    37.0     6.0
   81    55.0    54.0    26.0
   82    15.0    47.0    16.0
   83    14.0    37.0    11.0
   84    11.0    31.0     7.0
   85    16.0    22.0    41.0
   86     4.0    18.0    35.0
   87    28.0    18.0    26.0
   88    26.0    52.0     9.0
   89    26.0    35.0    15.0
   90    31.0    67.0     3.0
   91    15.0    19.0     1.0
   92    22.0    22.0     2.0
   93    18.0    24.0    22.0
   94    26.0    27.0    27.0
   95    25.0    24.0    20.0
   96    22.0    27.0    11.0
   97    25.0    21.0    12.0
   98    19.0    21.0    10.0
   99    20.0    26.0     9.0
  100    18.0    18.0    17.0
Node - number of items - height and weight for each item
   0   0
   1   5    1    2    4    2    1    2    1    2    3    2
   2   4    2    1    1    1    4    1    4    4
   3   5    1    2    4    2    2    2    4    2    2    5
   4   1    1   19
   5   4    3    6    2    6    1    6    4    8
   6   1    1    3
   7   1    4    5
   8   5    1    1    4    1    3    1    3    1    4    5
   9   3    4    4    2    4    2    8
  10   2    3    8    4    8
  11   5    1    2    2    2    2    2    3    2    3    4
  12   2    3    9    2   10
  13   3    2    6    2    6    1   11
  14   4    3    5    3    5    2    5    2    5
  15   3    4    2    3    2    2    4
  16   4    3    4    4    4    4    4    2    7
  17   1    2    2
  18   3    2    3    4    3    2    6
  19   3    1    5    1    5    2    7
  20   3    1    2    2    2    2    5
  21   2    2    5    2    6
  22   1    2   18
  23   2    1   14    3   15
  24   1    3    3
  25   1    4    6
  26   2    2    8    2    9
  27   1    3   16
  28   1    4   16
  29   3    4    2    2    2    2    5
  30   1    3   21
  31   3    2    8    2    8    2   11
  32   3    4    6    2    6    2   11
  33   2    1    5    3    6
  34   1    2   14
  35   4    2    2    4    2    1    2    1    2
  36   1    3    5
  37   5    1    1    1    1    2    1    4    1    4    4
  38   5    2    3    3    3    4    3    3    3    4    4
  39   4    1    7    4    7    4    7    4   10
  40   5    1    1    4    1    3    1    2    1    2    5
  41   1    1    5
  42   1    4    5
  43   2    4    3    2    4
  44   4    2    4    2    4    1    4    2    6
  45   4    3    4    1    4    3    4    1    4
  46   1    1    1
  47   4    2    6    2    6    3    6    3    9
  48   5    4    7    1    7    3    7    4    7    1    8
  49   5    1    6    2    6    2    6    1    6    1    6
  50   4    3    3    2    3    1    3    3    4
  51   2    3    5    1    5
  52   4    4    2    4    2    3    2    3    3
  53   1    2   14
  54   1    3   18
  55   1    4    2
  56   1    2    6
  57   2    3    3    2    4
  58   4    2    4    2    4    3    4    1    6
  59   2    1   14    2   14
  60   1    1    3
  61   4    3    3    4    3    1    3    1    4
  62   1    3   19
  63   2    3    5    2    5
  64   3    1    2    3    2    4    5
  65   4    4    5    4    5    2    5    4    5
  66   1    2   25
  67   1    1   25
  68   4    3    9    3    9    3    9    1    9
  69   1    1    6
  70   1    1    5
  71   1    1   15
  72   5    4    5    2    5    2    5    3    5    4    5
  73   3    3    2    1    2    3    5
  74   5    4    1    1    1    4    1    4    1    4    4
  75   1    4   18
  76   4    3    3    1    3    4    3    3    4
  77   5    2    2    2    2    2    2    4    2    3    6
  78   1    4    3
  79   2    4   11    1   12
  80   1    1    6
  81   1    4   26
  82   2    2    8    4    8
  83   4    1    2    2    2    4    2    3    5
  84   2    3    3    4    4
  85   2    3   20    3   21
  86   2    1   17    4   18
  87   2    1   13    2   13
  88   5    2    1    1    1    2    1    2    1    2    5
  89   3    3    4    3    4    4    7
  90   1    3    3
  91   1    4    1
  92   1    2    2
  93   5    1    4    3    4    3    4    4    4    3    6
  94   4    1    6    3    6    2    6    3    9
  95   5    1    4    3    4    4    4    1    4    4    4
  96   4    4    2    1    2    2    2    3    5
  97   3    2    3    3    3    2    6
  98   2    2    5    4    5
  99   4    2    2    4    2    4    2    3    3
 100   1    2   17
