Instance: E033-04g.dat
Class:  1
   32 --- number of customers (no depot)
    4 --- number of vehicles
    8 --- number of stacks on the vehicle
   32 --- number of items
Capacity of the vehicle - height of each stacks
    900    10
Node - x - y - demand
    0   292.0   495.0    0.0
    1   298.0   427.0   70.0
    2   309.0   445.0   70.0
    3   307.0   464.0   73.0
    4   336.0   475.0   70.0
    5   320.0   439.0   70.0
    6   321.0   437.0   19.0
    7   322.0   437.0   20.0
    8   323.0   433.0   26.0
    9   324.0   433.0    6.0
   10   323.0   429.0   61.0
   11   314.0   435.0   61.0
   12   311.0   442.0   69.0
   13   304.0   427.0   63.0
   14   293.0   421.0   64.0
   15   296.0   418.0   67.0
   16   261.0   384.0   71.0
   17   297.0   410.0   36.0
   18   315.0   407.0   28.0
   19   314.0   406.0   21.0
   20   321.0   391.0   39.0
   21   321.0   398.0   48.0
   22   314.0   394.0   54.0
   23   313.0   378.0   52.0
   24   304.0   382.0   65.0
   25   295.0   402.0   60.0
   26   283.0   406.0   57.0
   27   279.0   399.0   40.0
   28   271.0   401.0   65.0
   29   264.0   414.0   63.0
   30   277.0   439.0   60.0
   31   290.0   434.0   60.0
   32   319.0   433.0   65.0
Node - number of items - height and weight for each item
   0   0
   1   1    1   70
   2   1    2   70
   3   1    4   73
   4   1    4   70
   5   1    3   70
   6   1    4   19
   7   1    3   20
   8   1    4   26
   9   1    2    6
  10   1    2   61
  11   1    4   61
  12   1    1   69
  13   1    1   63
  14   1    2   64
  15   1    4   67
  16   1    4   71
  17   1    4   36
  18   1    3   28
  19   1    3   21
  20   1    2   39
  21   1    3   48
  22   1    4   54
  23   1    2   52
  24   1    2   65
  25   1    4   60
  26   1    3   57
  27   1    1   40
  28   1    4   65
  29   1    1   63
  30   1    1   60
  31   1    4   60
  32   1    1   65
