Instance: E151-12b.dat
Class:  4
  150 --- number of customers (no depot)
   30 --- number of vehicles
    8 --- number of stacks on the vehicle
  366 --- number of items
Capacity of the vehicle - height of each stacks
    900    10
Node - x - y - demand
    0    35.0    35.0     0.0
    1    41.0    49.0    10.0
    2    35.0    17.0     7.0
    3    55.0    45.0    13.0
    4    55.0    20.0    19.0
    5    15.0    30.0    26.0
    6    25.0    30.0     3.0
    7    20.0    50.0     5.0
    8    10.0    43.0     9.0
    9    55.0    60.0    16.0
   10    30.0    60.0    16.0
   11    20.0    65.0    12.0
   12    50.0    35.0    19.0
   13    30.0    25.0    23.0
   14    15.0    10.0    20.0
   15    30.0     5.0     8.0
   16    10.0    20.0    19.0
   17     5.0    30.0     2.0
   18    20.0    40.0    12.0
   19    15.0    60.0    17.0
   20    45.0    65.0     9.0
   21    45.0    20.0    11.0
   22    45.0    10.0    18.0
   23    55.0     5.0    29.0
   24    65.0    35.0     3.0
   25    65.0    20.0     6.0
   26    45.0    30.0    17.0
   27    35.0    40.0    16.0
   28    41.0    37.0    16.0
   29    64.0    42.0     9.0
   30    40.0    60.0    21.0
   31    31.0    52.0    27.0
   32    35.0    69.0    23.0
   33    53.0    52.0    11.0
   34    65.0    55.0    14.0
   35    63.0    65.0     8.0
   36     2.0    60.0     5.0
   37    20.0    20.0     8.0
   38     5.0     5.0    16.0
   39    60.0    12.0    31.0
   40    40.0    25.0     9.0
   41    42.0     7.0     5.0
   42    24.0    12.0     5.0
   43    23.0     3.0     7.0
   44    11.0    14.0    18.0
   45     6.0    38.0    16.0
   46     2.0    48.0     1.0
   47     8.0    56.0    27.0
   48    13.0    52.0    36.0
   49     6.0    68.0    30.0
   50    47.0    47.0    13.0
   51    49.0    58.0    10.0
   52    27.0    43.0     9.0
   53    37.0    31.0    14.0
   54    57.0    29.0    18.0
   55    63.0    23.0     2.0
   56    53.0    12.0     6.0
   57    32.0    12.0     7.0
   58    36.0    26.0    18.0
   59    21.0    24.0    28.0
   60    17.0    34.0     3.0
   61    12.0    24.0    13.0
   62    24.0    58.0    19.0
   63    27.0    69.0    10.0
   64    15.0    77.0     9.0
   65    62.0    77.0    20.0
   66    49.0    73.0    25.0
   67    67.0     5.0    25.0
   68    56.0    39.0    36.0
   69    37.0    47.0     6.0
   70    37.0    56.0     5.0
   71    57.0    68.0    15.0
   72    47.0    16.0    25.0
   73    44.0    17.0     9.0
   74    46.0    13.0     8.0
   75    49.0    11.0    18.0
   76    49.0    42.0    13.0
   77    53.0    43.0    14.0
   78    61.0    52.0     3.0
   79    57.0    48.0    23.0
   80    56.0    37.0     6.0
   81    55.0    54.0    26.0
   82    15.0    47.0    16.0
   83    14.0    37.0    11.0
   84    11.0    31.0     7.0
   85    16.0    22.0    41.0
   86     4.0    18.0    35.0
   87    28.0    18.0    26.0
   88    26.0    52.0     9.0
   89    26.0    35.0    15.0
   90    31.0    67.0     3.0
   91    15.0    19.0     1.0
   92    22.0    22.0     2.0
   93    18.0    24.0    22.0
   94    26.0    27.0    27.0
   95    25.0    24.0    20.0
   96    22.0    27.0    11.0
   97    25.0    21.0    12.0
   98    19.0    21.0    10.0
   99    20.0    26.0     9.0
  100    18.0    18.0    17.0
  101    37.0    52.0     7.0
  102    49.0    49.0    30.0
  103    52.0    64.0    16.0
  104    20.0    26.0     9.0
  105    40.0    30.0    21.0
  106    21.0    47.0    15.0
  107    17.0    63.0    19.0
  108    31.0    62.0    23.0
  109    52.0    33.0    11.0
  110    51.0    21.0     5.0
  111    42.0    41.0    19.0
  112    31.0    32.0    29.0
  113     5.0    25.0    23.0
  114    12.0    42.0    21.0
  115    36.0    16.0    10.0
  116    52.0    41.0    15.0
  117    27.0    23.0     3.0
  118    17.0    33.0    41.0
  119    13.0    13.0     9.0
  120    57.0    58.0    28.0
  121    62.0    42.0     8.0
  122    42.0    57.0     8.0
  123    16.0    57.0    16.0
  124     8.0    52.0    10.0
  125     7.0    38.0    28.0
  126    27.0    68.0     7.0
  127    30.0    48.0    15.0
  128    43.0    67.0    14.0
  129    58.0    48.0     6.0
  130    58.0    27.0    19.0
  131    37.0    69.0    11.0
  132    38.0    46.0    12.0
  133    46.0    10.0    23.0
  134    61.0    33.0    26.0
  135    62.0    63.0    17.0
  136    63.0    69.0     6.0
  137    32.0    22.0     9.0
  138    45.0    35.0    15.0
  139    59.0    15.0    14.0
  140     5.0     6.0     7.0
  141    10.0    17.0    27.0
  142    21.0    10.0    13.0
  143     5.0    64.0    11.0
  144    30.0    15.0    16.0
  145    39.0    10.0    10.0
  146    32.0    39.0     5.0
  147    25.0    32.0    25.0
  148    25.0    55.0    17.0
  149    48.0    28.0    18.0
  150    56.0    37.0    10.0
Node - number of items - height and weight for each item
   0   0
   1   1    1   10
   2   2    2    3    1    4
   3   3    1    3    4    3    3    7
   4   2    3    9    4   10
   5   4    2    6    1    6    1    6    2    8
   6   1    2    3
   7   1    2    5
   8   4    2    2    1    2    3    2    3    3
   9   1    2   16
  10   4    1    4    2    4    2    4    2    4
  11   2    4    6    2    6
  12   2    2    9    3   10
  13   2    1   11    2   12
  14   2    4   10    1   10
  15   2    1    4    1    4
  16   2    1    9    1   10
  17   1    1    2
  18   3    2    3    4    3    1    6
  19   2    1    8    3    9
  20   2    2    4    2    5
  21   2    4    5    4    6
  22   2    3    9    3    9
  23   1    2   29
  24   1    3    3
  25   1    3    6
  26   1    4   17
  27   3    2    4    2    4    4    8
  28   1    1   16
  29   1    4    9
  30   4    3    5    1    5    3    5    2    6
  31   3    3    8    3    8    3   11
  32   2    1   11    3   12
  33   2    4    5    3    6
  34   1    2   14
  35   4    3    2    2    2    2    2    1    2
  36   1    3    5
  37   3    4    2    4    2    2    4
  38   1    2   16
  39   1    3   31
  40   1    4    9
  41   1    3    5
  42   1    4    5
  43   3    2    2    3    2    1    3
  44   4    1    4    2    4    2    4    2    6
  45   4    4    4    1    4    4    4    3    4
  46   1    1    1
  47   4    1    6    3    6    1    6    1    9
  48   3    1   10    3   10    1   16
  49   2    2   15    3   15
  50   3    2    3    4    3    2    7
  51   3    4    3    1    3    4    4
  52   3    1    2    4    2    3    5
  53   2    1    7    3    7
  54   4    4    4    1    4    2    4    2    6
  55   1    1    2
  56   1    2    6
  57   4    4    1    4    1    2    1    4    4
  58   3    3    5    3    5    1    8
  59   2    3   14    2   14
  60   1    2    3
  61   3    2    3    4    3    2    7
  62   4    3    4    1    4    1    4    2    7
  63   3    2    3    1    3    3    4
  64   4    2    2    1    2    1    2    3    3
  65   1    3   20
  66   1    3   25
  67   3    1    7    1    7    1   11
  68   2    2   18    4   18
  69   1    2    6
  70   1    4    5
  71   3    4    4    1    4    1    7
  72   2    4   12    2   13
  73   1    4    9
  74   3    4    2    4    2    4    4
  75   3    2    5    4    5    1    8
  76   4    3    3    3    3    3    3    2    4
  77   4    4    3    3    3    4    3    3    5
  78   1    1    3
  79   1    3   23
  80   1    4    6
  81   2    3   13    1   13
  82   1    2   16
  83   3    3    3    2    3    4    5
  84   4    3    1    4    1    3    1    4    4
  85   2    1   20    2   21
  86   3    4   10    1   10    4   15
  87   3    3    7    3    7    4   12
  88   3    2    2    2    2    2    5
  89   4    2    3    2    3    4    3    2    6
  90   1    3    3
  91   1    3    1
  92   1    2    2
  93   4    1    5    1    5    4    5    2    7
  94   1    3   27
  95   3    1    6    2    6    3    8
  96   1    1   11
  97   4    1    3    3    3    2    3    1    3
  98   4    3    2    2    2    2    2    1    4
  99   2    1    4    3    5
 100   1    3   17
 101   2    3    3    1    4
 102   3    1    9    2    9    4   12
 103   3    3    4    4    4    4    8
 104   1    4    9
 105   2    1   10    4   11
 106   3    4    4    2    4    2    7
 107   4    3    4    1    4    4    4    2    7
 108   3    2    6    1    6    1   11
 109   3    1    3    3    3    3    5
 110   1    1    5
 111   2    1    9    1   10
 112   2    3   14    1   15
 113   4    1    5    4    5    3    5    4    8
 114   3    4    6    3    6    4    9
 115   3    4    3    3    3    4    4
 116   2    3    7    1    8
 117   1    2    3
 118   3    2   12    2   12    3   17
 119   1    4    9
 120   4    4    7    1    7    2    7    4    7
 121   1    1    8
 122   3    1    2    3    2    3    4
 123   1    3   16
 124   2    2    5    1    5
 125   3    3    8    1    8    4   12
 126   4    1    1    2    1    4    1    1    4
 127   4    1    3    4    3    4    3    4    6
 128   1    2   14
 129   1    1    6
 130   4    3    4    1    4    1    4    3    7
 131   4    2    2    4    2    3    2    2    5
 132   2    4    6    3    6
 133   4    1    5    4    5    3    5    3    8
 134   1    3   26
 135   1    3   17
 136   1    4    6
 137   1    1    9
 138   1    3   15
 139   1    1   14
 140   4    2    1    1    1    4    1    4    4
 141   2    2   13    4   14
 142   1    3   13
 143   2    2    5    1    6
 144   4    3    4    2    4    2    4    3    4
 145   3    2    3    4    3    3    4
 146   1    2    5
 147   1    2   25
 148   2    4    8    1    9
 149   2    2    9    1    9
 150   4    1    2    2    2    4    2    4    4
