Instance: E023-05s.DAT
Class:  3
   22 --- number of customers (no depot)
    5 --- number of vehicles
    8 --- number of stacks on the vehicle
   42 --- number of items
Capacity of the vehicle - height of each stacks
    900    10
Node - x - y - demand
    0   266.0   235.0    0.0
    1   295.0   272.0  107.0
    2   301.0   258.0  103.0
    3   309.0   260.0  103.0
    4   217.0   274.0  105.0
    5   218.0   278.0  115.0
    6   282.0   267.0   13.0
    7   242.0   249.0   83.0
    8   230.0   262.0   13.0
    9   249.0   268.0   58.0
   10   256.0   267.0   95.0
   11   265.0   257.0   54.0
   12   267.0   242.0   55.0
   13   259.0   265.0   42.0
   14   315.0   233.0   46.0
   15   329.0   252.0   60.0
   16   318.0   252.0   48.0
   17   329.0   224.0   49.0
   18   267.0   213.0   39.0
   19   275.0   192.0  123.0
   20   303.0   201.0  106.0
   21   208.0   217.0  120.0
   22   326.0   181.0  105.0
Node - number of items - height and weight for each item
   0   0
   1   3    2   32    2   42    3   33
   2   1    1  103
   3   3    1   30    3   41    2   32
   4   2    3   47    3   58
   5   1    2  115
   6   1    4   13
   7   1    1   83
   8   1    4   13
   9   1    2   58
  10   1    4   95
  11   3    4   16    4   21    4   17
  12   1    1   55
  13   3    1   12    4   16    3   14
  14   2    1   20    1   26
  15   1    2   60
  16   2    1   21    4   27
  17   3    4   14    3   19    3   16
  18   2    2   17    4   22
  19   3    1   36    4   49    4   38
  20   3    2   31    1   42    2   33
  21   1    1  120
  22   3    1   31    3   42    2   32
