Instance: E121-07c.dat
Class:  3
  120 --- number of customers (no depot)
   25 --- number of vehicles
    8 --- number of stacks on the vehicle
  242 --- number of items
Capacity of the vehicle - height of each stacks
    900    10
Node - x - y - demand
    0    10.0    45.0     0.0
    1    25.0     1.0    25.0
    2    25.0     3.0     7.0
    3    31.0     5.0    13.0
    4    32.0     5.0     6.0
    5    31.0     7.0    14.0
    6    32.0     9.0     5.0
    7    34.0     9.0    11.0
    8    46.0     9.0    19.0
    9    35.0     7.0     5.0
   10    34.0     6.0    15.0
   11    35.0     5.0    15.0
   12    47.0     6.0    17.0
   13    40.0     5.0    13.0
   14    39.0     3.0    12.0
   15    36.0     3.0    18.0
   16    73.0     6.0    13.0
   17    73.0     8.0    18.0
   18    24.0    36.0    12.0
   19    76.0     6.0    17.0
   20    76.0    10.0     4.0
   21    76.0    13.0     7.0
   22    78.0     3.0    12.0
   23    78.0     9.0    13.0
   24    79.0     3.0     8.0
   25    79.0     5.0    16.0
   26    79.0    11.0    15.0
   27    82.0     3.0     6.0
   28    82.0     7.0     5.0
   29    90.0    15.0     9.0
   30    84.0     3.0    11.0
   31    84.0     5.0    10.0
   32    84.0     9.0     3.0
   33    85.0     1.0     7.0
   34    87.0     5.0     2.0
   35    85.0     8.0     4.0
   36    87.0     7.0     4.0
   37    86.0    41.0    18.0
   38    86.0    44.0    14.0
   39    86.0    46.0    12.0
   40    85.0    55.0    17.0
   41    89.0    43.0    20.0
   42    89.0    46.0    14.0
   43    89.0    52.0    16.0
   44    92.0    42.0    10.0
   45    92.0    52.0     9.0
   46    94.0    42.0    11.0
   47    94.0    44.0     7.0
   48    94.0    48.0    13.0
   49    96.0    42.0     5.0
   50    99.0    46.0     4.0
   51    99.0    50.0    21.0
   52    83.0    80.0    13.0
   53    83.0    83.0    11.0
   54    85.0    81.0    12.0
   55    85.0    85.0    14.0
   56    85.0    89.0    10.0
   57    87.0    80.0     8.0
   58    87.0    86.0    16.0
   59    90.0    77.0    19.0
   60    90.0    88.0     5.0
   61    93.0    82.0    17.0
   62    93.0    84.0     7.0
   63    93.0    89.0    16.0
   64    94.0    86.0    14.0
   65    95.0    80.0    17.0
   66    99.0    89.0    13.0
   67    37.0    83.0    17.0
   68    50.0    80.0    13.0
   69    35.0    85.0    14.0
   70    35.0    87.0    16.0
   71    44.0    86.0     7.0
   72    46.0    89.0    13.0
   73    46.0    83.0     9.0
   74    46.0    87.0    11.0
   75    46.0    89.0    35.0
   76    48.0    83.0     5.0
   77    50.0    85.0    28.0
   78    50.0    88.0     7.0
   79    54.0    86.0     3.0
   80    54.0    90.0    10.0
   81    10.0    35.0     7.0
   82    10.0    40.0    12.0
   83    18.0    30.0    11.0
   84    17.0    35.0    10.0
   85    16.0    38.0     8.0
   86    14.0    40.0    11.0
   87    15.0    42.0    21.0
   88    11.0    42.0     4.0
   89    18.0    40.0    15.0
   90    21.0    39.0    16.0
   91    20.0    40.0     4.0
   92    18.0    41.0    16.0
   93    20.0    44.0     7.0
   94    22.0    44.0    10.0
   95    16.0    45.0     9.0
   96    20.0    45.0    11.0
   97    25.0    45.0    17.0
   98    30.0    55.0    12.0
   99    20.0    50.0    11.0
  100    22.0    51.0     7.0
  101    18.0    49.0     9.0
  102    16.0    48.0    11.0
  103    20.0    55.0    12.0
  104    18.0    53.0     7.0
  105    14.0    50.0     8.0
  106    15.0    51.0     6.0
  107    16.0    54.0     5.0
  108    28.0    33.0    12.0
  109    33.0    38.0    13.0
  110    30.0    50.0     7.0
  111    13.0    40.0     7.0
  112    15.0    36.0     8.0
  113    18.0    31.0    11.0
  114    25.0    37.0    13.0
  115    30.0    46.0    11.0
  116    25.0    52.0    10.0
  117    16.0    33.0     7.0
  118    25.0    35.0     4.0
  119     5.0    40.0    20.0
  120     5.0    50.0    13.0
Node - number of items - height and weight for each item
   0   0
   1   2    3   12    1   13
   2   2    1    3    3    4
   3   2    1    6    3    7
   4   1    2    6
   5   2    1    7    3    7
   6   1    1    5
   7   2    4    5    2    6
   8   3    2    5    3    5    1    9
   9   1    3    5
  10   1    2   15
  11   3    3    4    2    4    3    7
  12   1    3   17
  13   3    3    3    2    3    4    7
  14   2    1    6    2    6
  15   2    1    9    1    9
  16   2    4    6    1    7
  17   2    2    9    3    9
  18   3    4    3    4    3    3    6
  19   2    2    8    3    9
  20   1    1    4
  21   2    4    3    4    4
  22   1    3   12
  23   2    4    6    3    7
  24   1    3    8
  25   2    3    8    3    8
  26   2    2    7    2    8
  27   1    4    6
  28   1    4    5
  29   2    1    4    2    5
  30   1    4   11
  31   2    1    5    2    5
  32   1    2    3
  33   1    3    7
  34   1    4    2
  35   1    2    4
  36   1    1    4
  37   3    4    5    3    5    1    8
  38   2    1    7    2    7
  39   2    1    6    1    6
  40   1    4   17
  41   2    4   10    2   10
  42   3    3    4    2    4    2    6
  43   2    3    8    3    8
  44   2    2    5    1    5
  45   3    2    2    2    2    2    5
  46   1    4   11
  47   3    4    2    4    2    4    3
  48   1    4   13
  49   1    3    5
  50   1    3    4
  51   1    3   21
  52   2    1    6    3    7
  53   2    4    5    1    6
  54   2    2    6    3    6
  55   3    4    4    2    4    3    6
  56   3    1    3    4    3    4    4
  57   2    4    4    2    4
  58   3    4    4    1    4    1    8
  59   2    3    9    2   10
  60   1    2    5
  61   1    4   17
  62   3    1    2    1    2    1    3
  63   2    2    8    2    8
  64   2    4    7    2    7
  65   3    2    5    1    5    1    7
  66   3    1    3    3    3    2    7
  67   2    1    8    2    9
  68   1    4   13
  69   3    1    4    2    4    1    6
  70   1    1   16
  71   2    4    3    2    4
  72   1    4   13
  73   2    3    4    3    5
  74   1    2   11
  75   2    3   17    3   18
  76   1    4    5
  77   2    3   14    3   14
  78   1    4    7
  79   1    3    3
  80   3    4    3    2    3    2    4
  81   1    3    7
  82   1    4   12
  83   2    2    5    3    6
  84   2    1    5    1    5
  85   1    2    8
  86   3    4    3    2    3    1    5
  87   1    1   21
  88   1    3    4
  89   3    4    4    3    4    2    7
  90   2    4    8    1    8
  91   1    2    4
  92   2    3    8    4    8
  93   3    2    2    1    2    2    3
  94   1    2   10
  95   2    1    4    3    5
  96   1    1   11
  97   2    4    8    1    9
  98   1    1   12
  99   1    1   11
 100   3    4    2    3    2    4    3
 101   3    1    2    3    2    2    5
 102   3    2    3    4    3    2    5
 103   1    2   12
 104   2    2    3    4    4
 105   1    3    8
 106   1    1    6
 107   1    4    5
 108   3    1    3    2    3    1    6
 109   2    1    6    1    7
 110   1    1    7
 111   3    2    2    2    2    1    3
 112   3    4    2    2    2    1    4
 113   3    4    3    1    3    2    5
 114   3    3    3    2    3    3    7
 115   3    1    3    1    3    4    5
 116   2    2    5    2    5
 117   3    4    2    2    2    3    3
 118   1    3    4
 119   3    2    6    1    6    4    8
 120   2    3    6    3    7
