Instance: E023-03g.dat
Class:  5
   22 --- number of customers (no depot)
    6 --- number of vehicles
    8 --- number of stacks on the vehicle
   55 --- number of items
Capacity of the vehicle - height of each stacks
    900    10
Node - x - y - demand
    0   266.0   235.0    0.0
    1   295.0   272.0   76.0
    2   301.0   258.0   31.0
    3   309.0   260.0   20.0
    4   217.0   274.0   72.0
    5   218.0   278.0   63.0
    6   282.0   267.0   77.0
    7   242.0   249.0   71.0
    8   230.0   262.0   75.0
    9   249.0   268.0   71.0
   10   256.0   267.0   76.0
   11   265.0   257.0   46.0
   12   267.0   242.0   48.0
   13   259.0   265.0   65.0
   14   315.0   233.0   43.0
   15   329.0   252.0   67.0
   16   318.0   252.0   59.0
   17   329.0   224.0   68.0
   18   267.0   213.0   53.0
   19   275.0   192.0   63.0
   20   303.0   201.0   49.0
   21   208.0   217.0   46.0
   22   326.0   181.0   54.0
Node - number of items - height and weight for each item
   0   0
   1   4    2   19    2   15    3   26    1   16
   2   3    1    9    3   12    2   10
   3   2    3    9    3   11
   4   1    2   72
   5   1    4   63
   6   2    1   34    4   43
   7   3    2   21    4   28    4   22
   8   4    4   18    4   15    1   26    1   16
   9   3    4   21    3   28    1   22
  10   1    1   76
  11   3    2   13    1   18    4   15
  12   5    4    7    3   14    3    9    2    7    4   11
  13   2    1   29    4   36
  14   4    4   10    2    8    1   15    2   10
  15   1    1   67
  16   3    1   17    3   23    2   19
  17   2    4   30    1   38
  18   1    4   53
  19   1    1   63
  20   3    4   14    2   19    2   16
  21   3    2   13    1   18    1   15
  22   3    2   16    1   21    1   17
