Instance: E200-16b.dat
Class:  1
  199 --- number of customers (no depot)
   16 --- number of vehicles
    8 --- number of stacks on the vehicle
  199 --- number of items
Capacity of the vehicle - height of each stacks
    900    10
Node - x - y - demand
    0    35.0    35.0     0.0
    1    41.0    49.0    10.0
    2    35.0    17.0     7.0
    3    55.0    45.0    13.0
    4    55.0    20.0    19.0
    5    15.0    30.0    26.0
    6    25.0    30.0     3.0
    7    20.0    50.0     5.0
    8    10.0    43.0     9.0
    9    55.0    60.0    16.0
   10    30.0    60.0    16.0
   11    20.0    65.0    12.0
   12    50.0    35.0    19.0
   13    30.0    25.0    23.0
   14    15.0    10.0    20.0
   15    30.0     5.0     8.0
   16    10.0    20.0    19.0
   17     5.0    30.0     2.0
   18    20.0    40.0    12.0
   19    15.0    60.0    17.0
   20    45.0    65.0     9.0
   21    45.0    20.0    11.0
   22    45.0    10.0    18.0
   23    55.0     5.0    29.0
   24    65.0    35.0     3.0
   25    65.0    20.0     6.0
   26    45.0    30.0    17.0
   27    35.0    40.0    16.0
   28    41.0    37.0    16.0
   29    64.0    42.0     9.0
   30    40.0    60.0    21.0
   31    31.0    52.0    27.0
   32    35.0    69.0    23.0
   33    53.0    52.0    11.0
   34    65.0    55.0    14.0
   35    63.0    65.0     8.0
   36     2.0    60.0     5.0
   37    20.0    20.0     8.0
   38     5.0     5.0    16.0
   39    60.0    12.0    31.0
   40    40.0    25.0     9.0
   41    42.0     7.0     5.0
   42    24.0    12.0     5.0
   43    23.0     3.0     7.0
   44    11.0    14.0    18.0
   45     6.0    38.0    16.0
   46     2.0    48.0     1.0
   47     8.0    56.0    27.0
   48    13.0    52.0    36.0
   49     6.0    68.0    30.0
   50    47.0    47.0    13.0
   51    49.0    58.0    10.0
   52    27.0    43.0     9.0
   53    37.0    31.0    14.0
   54    57.0    29.0    18.0
   55    63.0    23.0     2.0
   56    53.0    12.0     6.0
   57    32.0    12.0     7.0
   58    36.0    26.0    18.0
   59    21.0    24.0    28.0
   60    17.0    34.0     3.0
   61    12.0    24.0    13.0
   62    24.0    58.0    19.0
   63    27.0    69.0    10.0
   64    15.0    77.0     9.0
   65    62.0    77.0    20.0
   66    49.0    73.0    25.0
   67    67.0     5.0    25.0
   68    56.0    39.0    36.0
   69    37.0    47.0     6.0
   70    37.0    56.0     5.0
   71    57.0    68.0    15.0
   72    47.0    16.0    25.0
   73    44.0    17.0     9.0
   74    46.0    13.0     8.0
   75    49.0    11.0    18.0
   76    49.0    42.0    13.0
   77    53.0    43.0    14.0
   78    61.0    52.0     3.0
   79    57.0    48.0    23.0
   80    56.0    37.0     6.0
   81    55.0    54.0    26.0
   82    15.0    47.0    16.0
   83    14.0    37.0    11.0
   84    11.0    31.0     7.0
   85    16.0    22.0    41.0
   86     4.0    18.0    35.0
   87    28.0    18.0    26.0
   88    26.0    52.0     9.0
   89    26.0    35.0    15.0
   90    31.0    67.0     3.0
   91    15.0    19.0     1.0
   92    22.0    22.0     2.0
   93    18.0    24.0    22.0
   94    26.0    27.0    27.0
   95    25.0    24.0    20.0
   96    22.0    27.0    11.0
   97    25.0    21.0    12.0
   98    19.0    21.0    10.0
   99    20.0    26.0     9.0
  100    18.0    18.0    17.0
  101    37.0    52.0     7.0
  102    49.0    49.0    30.0
  103    52.0    64.0    16.0
  104    20.0    26.0     9.0
  105    40.0    30.0    21.0
  106    21.0    47.0    15.0
  107    17.0    63.0    19.0
  108    31.0    62.0    23.0
  109    52.0    33.0    11.0
  110    51.0    21.0     5.0
  111    42.0    41.0    19.0
  112    31.0    32.0    29.0
  113     5.0    25.0    23.0
  114    12.0    42.0    21.0
  115    36.0    16.0    10.0
  116    52.0    41.0    15.0
  117    27.0    23.0     3.0
  118    17.0    33.0    41.0
  119    13.0    13.0     9.0
  120    57.0    58.0    28.0
  121    62.0    42.0     8.0
  122    42.0    57.0     8.0
  123    16.0    57.0    16.0
  124     8.0    52.0    10.0
  125     7.0    38.0    28.0
  126    27.0    68.0     7.0
  127    30.0    48.0    15.0
  128    43.0    67.0    14.0
  129    58.0    48.0     6.0
  130    58.0    27.0    19.0
  131    37.0    69.0    11.0
  132    38.0    46.0    12.0
  133    46.0    10.0    23.0
  134    61.0    33.0    26.0
  135    62.0    63.0    17.0
  136    63.0    69.0     6.0
  137    32.0    22.0     9.0
  138    45.0    35.0    15.0
  139    59.0    15.0    14.0
  140     5.0     6.0     7.0
  141    10.0    17.0    27.0
  142    21.0    10.0    13.0
  143     5.0    64.0    11.0
  144    30.0    15.0    16.0
  145    39.0    10.0    10.0
  146    32.0    39.0     5.0
  147    25.0    32.0    25.0
  148    25.0    55.0    17.0
  149    48.0    28.0    18.0
  150    56.0    37.0    10.0
  151    22.0    22.0    18.0
  152    36.0    26.0    26.0
  153    21.0    45.0    11.0
  154    45.0    35.0    30.0
  155    55.0    20.0    21.0
  156    33.0    34.0    19.0
  157    50.0    50.0    15.0
  158    55.0    45.0    16.0
  159    26.0    59.0    29.0
  160    40.0    66.0    26.0
  161    55.0    65.0    37.0
  162    35.0    51.0    16.0
  163    62.0    35.0    12.0
  164    62.0    57.0    31.0
  165    62.0    24.0     8.0
  166    21.0    36.0    19.0
  167    33.0    44.0    20.0
  168     9.0    56.0    13.0
  169    62.0    48.0    15.0
  170    66.0    14.0    22.0
  171    44.0    13.0    28.0
  172    26.0    13.0    12.0
  173    11.0    28.0     6.0
  174     7.0    43.0    27.0
  175    17.0    64.0    14.0
  176    41.0    46.0    18.0
  177    55.0    34.0    17.0
  178    35.0    16.0    29.0
  179    52.0    26.0    13.0
  180    43.0    26.0    22.0
  181    31.0    76.0    25.0
  182    22.0    53.0    28.0
  183    26.0    29.0    27.0
  184    50.0    40.0    19.0
  185    55.0    50.0    10.0
  186    54.0    10.0    12.0
  187    60.0    15.0    14.0
  188    47.0    66.0    24.0
  189    30.0    60.0    16.0
  190    30.0    50.0    33.0
  191    12.0    17.0    15.0
  192    15.0    14.0    11.0
  193    16.0    19.0    18.0
  194    21.0    48.0    17.0
  195    50.0    30.0    21.0
  196    51.0    42.0    27.0
  197    50.0    15.0    19.0
  198    48.0    21.0    20.0
  199    12.0    38.0     5.0
Node - number of items - height and weight for each item
   0   0
   1   1    1   10
   2   1    2    7
   3   1    1   13
   4   1    1   19
   5   1    4   26
   6   1    3    3
   7   1    3    5
   8   1    4    9
   9   1    2   16
  10   1    1   16
  11   1    1   12
  12   1    2   19
  13   1    2   23
  14   1    2   20
  15   1    2    8
  16   1    1   19
  17   1    3    2
  18   1    3   12
  19   1    2   17
  20   1    1    9
  21   1    2   11
  22   1    2   18
  23   1    2   29
  24   1    4    3
  25   1    2    6
  26   1    2   17
  27   1    3   16
  28   1    1   16
  29   1    2    9
  30   1    4   21
  31   1    1   27
  32   1    1   23
  33   1    1   11
  34   1    1   14
  35   1    1    8
  36   1    1    5
  37   1    2    8
  38   1    4   16
  39   1    1   31
  40   1    1    9
  41   1    3    5
  42   1    2    5
  43   1    2    7
  44   1    4   18
  45   1    4   16
  46   1    3    1
  47   1    3   27
  48   1    2   36
  49   1    3   30
  50   1    3   13
  51   1    4   10
  52   1    2    9
  53   1    2   14
  54   1    4   18
  55   1    1    2
  56   1    4    6
  57   1    3    7
  58   1    1   18
  59   1    3   28
  60   1    2    3
  61   1    3   13
  62   1    3   19
  63   1    3   10
  64   1    1    9
  65   1    3   20
  66   1    4   25
  67   1    3   25
  68   1    2   36
  69   1    3    6
  70   1    2    5
  71   1    2   15
  72   1    1   25
  73   1    3    9
  74   1    4    8
  75   1    4   18
  76   1    2   13
  77   1    2   14
  78   1    3    3
  79   1    4   23
  80   1    3    6
  81   1    4   26
  82   1    2   16
  83   1    3   11
  84   1    1    7
  85   1    1   41
  86   1    2   35
  87   1    2   26
  88   1    2    9
  89   1    4   15
  90   1    1    3
  91   1    4    1
  92   1    3    2
  93   1    1   22
  94   1    1   27
  95   1    3   20
  96   1    1   11
  97   1    1   12
  98   1    1   10
  99   1    3    9
 100   1    1   17
 101   1    2    7
 102   1    3   30
 103   1    2   16
 104   1    4    9
 105   1    2   21
 106   1    4   15
 107   1    1   19
 108   1    4   23
 109   1    1   11
 110   1    4    5
 111   1    3   19
 112   1    1   29
 113   1    3   23
 114   1    4   21
 115   1    1   10
 116   1    2   15
 117   1    2    3
 118   1    1   41
 119   1    2    9
 120   1    4   28
 121   1    4    8
 122   1    2    8
 123   1    4   16
 124   1    3   10
 125   1    3   28
 126   1    1    7
 127   1    3   15
 128   1    2   14
 129   1    2    6
 130   1    2   19
 131   1    4   11
 132   1    2   12
 133   1    3   23
 134   1    1   26
 135   1    1   17
 136   1    2    6
 137   1    2    9
 138   1    1   15
 139   1    3   14
 140   1    2    7
 141   1    1   27
 142   1    1   13
 143   1    3   11
 144   1    3   16
 145   1    3   10
 146   1    1    5
 147   1    1   25
 148   1    1   17
 149   1    2   18
 150   1    4   10
 151   1    2   18
 152   1    4   26
 153   1    4   11
 154   1    1   30
 155   1    1   21
 156   1    4   19
 157   1    2   15
 158   1    4   16
 159   1    4   29
 160   1    4   26
 161   1    4   37
 162   1    2   16
 163   1    4   12
 164   1    1   31
 165   1    3    8
 166   1    3   19
 167   1    3   20
 168   1    2   13
 169   1    4   15
 170   1    3   22
 171   1    4   28
 172   1    3   12
 173   1    1    6
 174   1    3   27
 175   1    4   14
 176   1    3   18
 177   1    1   17
 178   1    2   29
 179   1    3   13
 180   1    2   22
 181   1    4   25
 182   1    3   28
 183   1    4   27
 184   1    3   19
 185   1    4   10
 186   1    1   12
 187   1    2   14
 188   1    4   24
 189   1    1   16
 190   1    4   33
 191   1    3   15
 192   1    3   11
 193   1    4   18
 194   1    2   17
 195   1    2   21
 196   1    2   27
 197   1    2   19
 198   1    2   20
 199   1    4    5
