Instance: E135-07f.dat
Class:  1
  134 --- number of customers (no depot)
   24 --- number of vehicles
    8 --- number of stacks on the vehicle
  134 --- number of items
Capacity of the vehicle - height of each stacks
    900    10
Node - x - y - demand
    0    -6.0    15.0    0.0
    1     3.2     5.1   63.0
    2    24.6     8.3   99.0
    3    23.3     1.3   61.0
    4    27.8     8.3   94.0
    5    29.0     8.0   74.0
    6    31.0     8.0  115.0
    7    33.5    10.5  102.0
    8    30.0    10.5  116.0
    9    29.0    10.0  119.0
   10    26.5    11.7  115.0
   11    28.3    14.3   34.0
   12    27.0    14.3   77.0
   13    23.5    19.0   74.0
   14    26.0    20.0   46.0
   15    25.0    20.0   82.0
   16    20.5    19.0   83.0
   17   -20.0    13.0   81.0
   18   -21.0    14.0   97.0
   19   -30.0    30.0   58.0
   20    -5.0    30.0   56.0
   21     1.3    17.8   88.0
   22     1.8    13.8   16.0
   23     1.8    13.1   77.0
   24     2.0    13.6   24.0
   25     4.8    17.0   20.0
   26     7.0    15.0   80.0
   27     9.8    16.6   68.0
   28    11.4    14.5   27.0
   29    14.4    11.3   56.0
   30    11.0    12.0   14.0
   31     9.3    10.7   66.0
   32     0.6     2.8   73.0
   33   -30.0   -10.0   77.0
   34     2.0     0.0   98.0
   35    14.5     1.0   94.0
   36    15.0     1.8   56.0
   37    17.2     2.4   68.0
   38    17.2     4.2   92.0
   39    18.2     4.4  113.0
   40    20.3     2.1   80.0
   41    22.8     3.1   74.0
   42    23.0     4.0   94.0
   43    20.8     4.0   83.0
   44    20.8     4.0  103.0
   45    18.5     6.4   72.0
   46   -14.0    16.0   89.0
   47    -0.5     6.9   87.0
   48     3.2     2.8   99.0
   49     5.6     1.8  117.0
   50     8.7     2.8  101.0
   51     9.0     3.3   73.0
   52     9.0     3.5  103.0
   53    11.2     3.3  109.0
   54    10.8     4.7   90.0
   55    11.5     4.6  114.0
   56    12.3     4.7   17.0
   57    12.3     5.5   14.0
   58    11.2     6.9   11.0
   59     6.5     9.7   18.0
   60     5.8     8.5   10.0
   61     7.2     6.0   18.0
   62     7.2     4.0   18.0
   63    -4.0    -4.0   11.0
   64    -3.0     1.2   17.0
   65   -40.0    49.0   12.0
   66   -15.0    10.0   13.0
   67   -11.0   -10.0   10.0
   68   -25.0   -20.0   16.0
   69   -25.0   -35.0   45.0
   70   -24.0   -35.0   49.0
   71   -18.0    10.0   53.0
   72    -2.0    10.0   95.0
   73    -4.0     8.0  103.0
   74    -3.0     5.0   94.0
   75     2.1     6.2   94.0
   76    -1.7     3.0  100.0
   77    -3.0     2.0  101.0
   78    -7.0     0.0   91.0
   79    -3.0    -6.0   95.0
   80   -30.0   -11.0   92.0
   81   -62.0   -10.0  100.0
   82    -8.0    30.0  104.0
   83     1.0    60.0   95.0
   84    10.0    52.0   96.0
   85    10.0    52.0  104.0
   86    10.0    51.0   92.0
   87    16.0    29.0   94.0
   88    26.0    21.0  110.0
   89    16.0    21.0  106.0
   90    15.5    19.2  107.0
   91     0.0    16.5  101.0
   92    17.2    14.3  105.0
   93    16.5     7.8  109.0
   94    16.9     7.7  111.0
   95    18.0     2.0  105.0
   96    16.2     4.0   20.0
   97    15.0     4.0   20.0
   98    15.0     3.0   10.0
   99    14.8     2.4   14.0
  100    14.5     3.0   19.0
  101    13.0     2.6   28.0
  102    11.8     3.0   39.0
  103    12.0     4.0   79.0
  104    12.8     3.6   19.0
  105    13.4     5.5   99.0
  106  -150.0     8.0   28.0
  107  -152.0     1.0   80.0
  108  -152.0     0.0   82.0
  109  -142.0   -31.0   62.0
  110   -78.0   -19.0   32.0
  111   -78.0   -18.0   27.0
  112   -78.0   -17.0   79.0
  113   -80.0   -14.0   77.0
  114  -118.0    22.0   44.0
  115  -107.0    30.0  109.0
  116   -85.0    14.0  108.0
  117   -78.0    15.0  102.0
  118   -15.0    16.0  105.0
  119   -62.0    32.0  105.0
  120  -120.0   -20.0  101.0
  121   -90.0   -22.0   96.0
  122   -79.0   -19.0  112.0
  123   -79.0   -18.5  115.0
  124   -79.0   -18.0   98.0
  125   -78.0   -17.5  116.0
  126   -79.0   -17.0  111.0
  127   -80.0   -17.0  114.0
  128   -80.0   -16.0  107.0
  129   -80.0   -15.0   98.0
  130   -48.0    37.0   90.0
  131   -85.0    15.0  102.0
  132   -62.0    -9.0  117.0
  133   -15.0    -4.0  105.0
  134    -1.0     3.2  111.0
Node - number of items - height and weight for each item
   0   0
   1   1    3   63
   2   1    2   99
   3   1    1   61
   4   1    2   94
   5   1    3   74
   6   1    2  115
   7   1    3  102
   8   1    2  116
   9   1    3  119
  10   1    1  115
  11   1    4   34
  12   1    2   77
  13   1    4   74
  14   1    1   46
  15   1    1   82
  16   1    1   83
  17   1    3   81
  18   1    1   97
  19   1    1   58
  20   1    3   56
  21   1    3   88
  22   1    4   16
  23   1    1   77
  24   1    3   24
  25   1    4   20
  26   1    1   80
  27   1    2   68
  28   1    1   27
  29   1    1   56
  30   1    2   14
  31   1    3   66
  32   1    3   73
  33   1    3   77
  34   1    3   98
  35   1    1   94
  36   1    1   56
  37   1    3   68
  38   1    2   92
  39   1    3  113
  40   1    3   80
  41   1    1   74
  42   1    1   94
  43   1    2   83
  44   1    2  103
  45   1    3   72
  46   1    3   89
  47   1    3   87
  48   1    2   99
  49   1    2  117
  50   1    3  101
  51   1    3   73
  52   1    2  103
  53   1    4  109
  54   1    1   90
  55   1    3  114
  56   1    4   17
  57   1    1   14
  58   1    2   11
  59   1    4   18
  60   1    2   10
  61   1    1   18
  62   1    2   18
  63   1    3   11
  64   1    1   17
  65   1    2   12
  66   1    4   13
  67   1    4   10
  68   1    2   16
  69   1    2   45
  70   1    2   49
  71   1    4   53
  72   1    2   95
  73   1    1  103
  74   1    1   94
  75   1    2   94
  76   1    2  100
  77   1    4  101
  78   1    3   91
  79   1    4   95
  80   1    2   92
  81   1    4  100
  82   1    3  104
  83   1    1   95
  84   1    2   96
  85   1    4  104
  86   1    2   92
  87   1    1   94
  88   1    3  110
  89   1    4  106
  90   1    3  107
  91   1    3  101
  92   1    3  105
  93   1    4  109
  94   1    4  111
  95   1    2  105
  96   1    3   20
  97   1    1   20
  98   1    3   10
  99   1    3   14
 100   1    3   19
 101   1    2   28
 102   1    1   39
 103   1    2   79
 104   1    3   19
 105   1    1   99
 106   1    2   28
 107   1    3   80
 108   1    1   82
 109   1    3   62
 110   1    1   32
 111   1    3   27
 112   1    4   79
 113   1    1   77
 114   1    3   44
 115   1    3  109
 116   1    3  108
 117   1    1  102
 118   1    2  105
 119   1    4  105
 120   1    4  101
 121   1    4   96
 122   1    2  112
 123   1    4  115
 124   1    3   98
 125   1    1  116
 126   1    4  111
 127   1    4  114
 128   1    1  107
 129   1    2   98
 130   1    1   90
 131   1    2  102
 132   1    2  117
 133   1    2  105
 134   1    1  111
