Instance: E101-10c.dat
Class:  4
  100 --- number of customers (no depot)
   20 --- number of vehicles
    8 --- number of stacks on the vehicle
  247 --- number of items
Capacity of the vehicle - height of each stacks
    900    10
Node - x - y - demand
    0    40.0    50.0     0.0
    1    45.0    68.0    10.0
    2    45.0    70.0    30.0
    3    42.0    66.0    10.0
    4    42.0    68.0    10.0
    5    42.0    65.0    10.0
    6    40.0    69.0    20.0
    7    40.0    66.0    20.0
    8    38.0    68.0    20.0
    9    38.0    70.0    10.0
   10    35.0    66.0    10.0
   11    35.0    69.0    10.0
   12    25.0    85.0    20.0
   13    22.0    75.0    30.0
   14    22.0    85.0    10.0
   15    20.0    80.0    40.0
   16    20.0    85.0    40.0
   17    18.0    75.0    20.0
   18    15.0    75.0    20.0
   19    15.0    80.0    10.0
   20    30.0    50.0    10.0
   21    30.0    52.0    20.0
   22    28.0    52.0    20.0
   23    28.0    55.0    10.0
   24    25.0    50.0    10.0
   25    25.0    52.0    40.0
   26    25.0    55.0    10.0
   27    23.0    52.0    10.0
   28    23.0    55.0    20.0
   29    20.0    50.0    10.0
   30    20.0    55.0    10.0
   31    10.0    35.0    20.0
   32    10.0    40.0    30.0
   33     8.0    40.0    40.0
   34     8.0    45.0    20.0
   35     5.0    35.0    10.0
   36     5.0    45.0    10.0
   37     2.0    40.0    20.0
   38     0.0    40.0    30.0
   39     0.0    45.0    20.0
   40    35.0    30.0    10.0
   41    35.0    32.0    10.0
   42    33.0    32.0    20.0
   43    33.0    35.0    10.0
   44    32.0    30.0    10.0
   45    30.0    30.0    10.0
   46    30.0    32.0    30.0
   47    30.0    35.0    10.0
   48    28.0    30.0    10.0
   49    28.0    35.0    10.0
   50    26.0    32.0    10.0
   51    25.0    30.0    10.0
   52    25.0    35.0    10.0
   53    44.0     5.0    20.0
   54    42.0    10.0    40.0
   55    42.0    15.0    10.0
   56    40.0     5.0    30.0
   57    40.0    15.0    40.0
   58    38.0     5.0    30.0
   59    38.0    15.0    10.0
   60    35.0     5.0    20.0
   61    50.0    30.0    10.0
   62    50.0    35.0    20.0
   63    50.0    40.0    50.0
   64    48.0    30.0    10.0
   65    48.0    40.0    10.0
   66    47.0    35.0    10.0
   67    47.0    40.0    10.0
   68    45.0    30.0    10.0
   69    45.0    35.0    10.0
   70    95.0    30.0    30.0
   71    95.0    35.0    20.0
   72    53.0    30.0    10.0
   73    92.0    30.0    10.0
   74    53.0    35.0    50.0
   75    45.0    65.0    20.0
   76    90.0    35.0    10.0
   77    88.0    30.0    10.0
   78    88.0    35.0    20.0
   79    87.0    30.0    10.0
   80    85.0    25.0    10.0
   81    85.0    35.0    30.0
   82    75.0    55.0    20.0
   83    72.0    55.0    10.0
   84    70.0    58.0    20.0
   85    68.0    60.0    30.0
   86    66.0    55.0    10.0
   87    65.0    55.0    20.0
   88    65.0    60.0    30.0
   89    63.0    58.0    10.0
   90    60.0    55.0    10.0
   91    60.0    60.0    10.0
   92    67.0    85.0    20.0
   93    65.0    85.0    40.0
   94    65.0    82.0    10.0
   95    62.0    80.0    30.0
   96    60.0    80.0    10.0
   97    60.0    85.0    30.0
   98    58.0    75.0    20.0
   99    55.0    80.0    10.0
  100    55.0    85.0    20.0
Node - number of items - height and weight for each item
   0   0
   1   4    4    2    1    2    1    2    4    4
   2   1    2   30
   3   4    1    2    2    2    1    2    4    4
   4   2    1    5    4    5
   5   4    2    2    3    2    4    2    1    4
   6   4    1    5    4    5    2    5    3    5
   7   3    2    6    4    6    2    8
   8   1    3   20
   9   2    2    5    2    5
  10   2    3    5    1    5
  11   2    2    5    3    5
  12   4    4    5    1    5    2    5    1    5
  13   4    1    7    1    7    2    7    3    9
  14   4    4    2    1    2    1    2    4    4
  15   3    3   12    3   12    1   16
  16   4    2   10    3   10    4   10    2   10
  17   4    2    5    2    5    3    5    2    5
  18   1    1   20
  19   4    2    2    1    2    4    2    4    4
  20   2    2    5    4    5
  21   1    3   20
  22   3    3    6    1    6    4    8
  23   1    2   10
  24   1    2   10
  25   2    3   20    2   20
  26   1    2   10
  27   2    2    5    2    5
  28   4    3    5    3    5    3    5    2    5
  29   4    4    2    2    2    2    2    4    4
  30   2    4    5    2    5
  31   2    4   10    1   10
  32   1    3   30
  33   2    2   20    3   20
  34   3    1    6    4    6    3    8
  35   1    1   10
  36   3    2    3    2    3    3    4
  37   4    3    5    3    5    2    5    1    5
  38   2    4   15    4   15
  39   3    4    6    2    6    2    8
  40   1    3   10
  41   1    2   10
  42   1    2   20
  43   3    4    3    4    3    1    4
  44   3    3    3    1    3    2    4
  45   1    3   10
  46   2    3   15    3   15
  47   4    2    2    1    2    4    2    3    4
  48   4    3    2    2    2    1    2    1    4
  49   2    2    5    3    5
  50   2    2    5    3    5
  51   4    2    2    4    2    4    2    3    4
  52   4    3    2    3    2    2    2    4    4
  53   4    4    5    4    5    4    5    4    5
  54   4    3   10    1   10    2   10    3   10
  55   4    1    2    2    2    3    2    3    4
  56   3    1    9    4    9    2   12
  57   4    1   10    1   10    1   10    4   10
  58   1    3   30
  59   2    2    5    3    5
  60   2    4   10    2   10
  61   4    3    2    3    2    4    2    2    4
  62   1    1   20
  63   3    3   15    4   15    4   20
  64   1    1   10
  65   1    4   10
  66   1    3   10
  67   2    2    5    2    5
  68   2    4    5    4    5
  69   4    1    2    1    2    2    2    3    4
  70   1    3   30
  71   4    3    5    3    5    1    5    4    5
  72   4    2    2    3    2    2    2    4    4
  73   4    2    2    3    2    4    2    1    4
  74   3    1   15    1   15    3   20
  75   2    1   10    4   10
  76   2    1    5    3    5
  77   3    4    3    4    3    1    4
  78   1    1   20
  79   2    3    5    2    5
  80   3    1    3    1    3    3    4
  81   1    3   30
  82   1    1   20
  83   3    3    3    4    3    3    4
  84   3    4    6    1    6    1    8
  85   2    2   15    3   15
  86   1    1   10
  87   3    3    6    3    6    1    8
  88   1    4   30
  89   3    4    3    4    3    4    4
  90   4    1    2    1    2    2    2    3    4
  91   2    2    5    3    5
  92   3    3    6    1    6    4    8
  93   2    3   20    2   20
  94   2    2    5    1    5
  95   2    4   15    2   15
  96   2    1    5    3    5
  97   2    2   15    1   15
  98   1    2   20
  99   1    2   10
 100   3    3    6    1    6    1    8
