Instance: E030-03g.dat
Class:  3
   29 --- number of customers (no depot)
    6 --- number of vehicles
    8 --- number of stacks on the vehicle
   49 --- number of items
Capacity of the vehicle - height of each stacks
    900    10
Node - x - y - demand
    0   162.0   354.0    0.0
    1   218.0   382.0   43.0
    2   218.0   358.0   56.0
    3   201.0   370.0   36.0
    4   214.0   371.0   37.0
    5   224.0   370.0   48.0
    6   210.0   382.0   26.0
    7   104.0   354.0   40.0
    8   126.0   338.0   27.0
    9   119.0   340.0   12.0
   10   129.0   349.0   49.0
   11   126.0   347.0   23.0
   12   125.0   346.0   26.0
   13   116.0   355.0   16.0
   14   126.0   335.0   21.0
   15   125.0   355.0   16.0
   16   119.0   357.0   43.0
   17   115.0   341.0   20.0
   18   153.0   351.0   43.0
   19   175.0   363.0   33.0
   20   180.0   360.0   17.0
   21   159.0   331.0   34.0
   22   188.0   357.0   55.0
   23   152.0   349.0   59.0
   24   215.0   389.0   57.0
   25   212.0   394.0   20.0
   26   188.0   393.0   36.0
   27   207.0   406.0   51.0
   28   184.0   410.0   58.0
   29   207.0   392.0   50.0
Node - number of items - height and weight for each item
   0   0
   1   1    1   43
   2   3    2   16    3   22    1   18
   3   2    4   16    1   20
   4   1    3   37
   5   2    4   21    3   27
   6   1    2   26
   7   3    4   12    1   16    3   12
   8   1    4   27
   9   1    4   12
  10   2    2   22    2   27
  11   1    2   23
  12   1    4   26
  13   1    1   16
  14   1    3   21
  15   3    4    4    3    6    3    6
  16   3    1   12    4   17    1   14
  17   1    4   20
  18   1    4   43
  19   2    4   14    3   19
  20   3    1    5    4    6    3    6
  21   1    2   34
  22   2    1   24    1   31
  23   1    3   59
  24   1    4   57
  25   1    4   20
  26   2    1   16    2   20
  27   3    4   15    4   20    4   16
  28   1    4   58
  29   3    2   15    2   20    1   15
