Instance: E101-10c.dat
Class:  5
  100 --- number of customers (no depot)
   20 --- number of vehicles
    8 --- number of stacks on the vehicle
  310 --- number of items
Capacity of the vehicle - height of each stacks
    900    10
Node - x - y - demand
    0    40.0    50.0     0.0
    1    45.0    68.0    10.0
    2    45.0    70.0    30.0
    3    42.0    66.0    10.0
    4    42.0    68.0    10.0
    5    42.0    65.0    10.0
    6    40.0    69.0    20.0
    7    40.0    66.0    20.0
    8    38.0    68.0    20.0
    9    38.0    70.0    10.0
   10    35.0    66.0    10.0
   11    35.0    69.0    10.0
   12    25.0    85.0    20.0
   13    22.0    75.0    30.0
   14    22.0    85.0    10.0
   15    20.0    80.0    40.0
   16    20.0    85.0    40.0
   17    18.0    75.0    20.0
   18    15.0    75.0    20.0
   19    15.0    80.0    10.0
   20    30.0    50.0    10.0
   21    30.0    52.0    20.0
   22    28.0    52.0    20.0
   23    28.0    55.0    10.0
   24    25.0    50.0    10.0
   25    25.0    52.0    40.0
   26    25.0    55.0    10.0
   27    23.0    52.0    10.0
   28    23.0    55.0    20.0
   29    20.0    50.0    10.0
   30    20.0    55.0    10.0
   31    10.0    35.0    20.0
   32    10.0    40.0    30.0
   33     8.0    40.0    40.0
   34     8.0    45.0    20.0
   35     5.0    35.0    10.0
   36     5.0    45.0    10.0
   37     2.0    40.0    20.0
   38     0.0    40.0    30.0
   39     0.0    45.0    20.0
   40    35.0    30.0    10.0
   41    35.0    32.0    10.0
   42    33.0    32.0    20.0
   43    33.0    35.0    10.0
   44    32.0    30.0    10.0
   45    30.0    30.0    10.0
   46    30.0    32.0    30.0
   47    30.0    35.0    10.0
   48    28.0    30.0    10.0
   49    28.0    35.0    10.0
   50    26.0    32.0    10.0
   51    25.0    30.0    10.0
   52    25.0    35.0    10.0
   53    44.0     5.0    20.0
   54    42.0    10.0    40.0
   55    42.0    15.0    10.0
   56    40.0     5.0    30.0
   57    40.0    15.0    40.0
   58    38.0     5.0    30.0
   59    38.0    15.0    10.0
   60    35.0     5.0    20.0
   61    50.0    30.0    10.0
   62    50.0    35.0    20.0
   63    50.0    40.0    50.0
   64    48.0    30.0    10.0
   65    48.0    40.0    10.0
   66    47.0    35.0    10.0
   67    47.0    40.0    10.0
   68    45.0    30.0    10.0
   69    45.0    35.0    10.0
   70    95.0    30.0    30.0
   71    95.0    35.0    20.0
   72    53.0    30.0    10.0
   73    92.0    30.0    10.0
   74    53.0    35.0    50.0
   75    45.0    65.0    20.0
   76    90.0    35.0    10.0
   77    88.0    30.0    10.0
   78    88.0    35.0    20.0
   79    87.0    30.0    10.0
   80    85.0    25.0    10.0
   81    85.0    35.0    30.0
   82    75.0    55.0    20.0
   83    72.0    55.0    10.0
   84    70.0    58.0    20.0
   85    68.0    60.0    30.0
   86    66.0    55.0    10.0
   87    65.0    55.0    20.0
   88    65.0    60.0    30.0
   89    63.0    58.0    10.0
   90    60.0    55.0    10.0
   91    60.0    60.0    10.0
   92    67.0    85.0    20.0
   93    65.0    85.0    40.0
   94    65.0    82.0    10.0
   95    62.0    80.0    30.0
   96    60.0    80.0    10.0
   97    60.0    85.0    30.0
   98    58.0    75.0    20.0
   99    55.0    80.0    10.0
  100    55.0    85.0    20.0
Node - number of items - height and weight for each item
   0   0
   1   4    4    2    1    2    1    2    4    4
   2   1    2   30
   3   3    1    3    2    3    1    4
   4   4    4    2    1    2    4    2    2    4
   5   4    3    2    4    2    1    2    1    4
   6   4    4    5    2    5    3    5    2    5
   7   4    4    5    2    5    3    5    2    5
   8   3    2    6    3    6    1    8
   9   3    2    3    3    3    4    4
  10   1    1   10
  11   1    2   10
  12   1    1   20
  13   4    1    7    1    7    2    7    3    9
  14   2    4    5    1    5
  15   4    1   10    4   10    3   10    3   10
  16   4    1   10    2   10    3   10    4   10
  17   4    2    5    2    5    2    5    3    5
  18   4    2    5    1    5    2    5    1    5
  19   2    4    5    4    5
  20   4    2    2    4    2    3    2    3    4
  21   4    1    5    4    5    2    5    2    5
  22   4    3    5    2    5    2    5    2    5
  23   5    2    2    3    2    3    2    3    2    2    2
  24   1    4   10
  25   4    2   10    2   10    4   10    4   10
  26   5    2    2    4    2    1    2    3    2    2    2
  27   4    3    2    1    2    4    2    3    4
  28   2    1   10    2   10
  29   4    2    2    3    2    3    2    3    4
  30   5    2    2    1    2    4    2    4    2    4    2
  31   5    2    4    2    4    3    4    2    4    2    4
  32   2    4   15    4   15
  33   5    1    8    3    8    1    8    2    8    3    8
  34   4    3    5    3    5    2    5    1    5
  35   3    4    3    3    3    3    4
  36   2    2    5    1    5
  37   4    1    5    2    5    3    5    2    5
  38   4    3    7    2    7    4    7    4    9
  39   2    3   10    3   10
  40   1    3   10
  41   4    2    2    4    2    4    2    4    4
  42   1    4   20
  43   1    4   10
  44   3    3    3    1    3    2    4
  45   1    3   10
  46   5    1    6    2    6    3    6    3    6    1    6
  47   4    4    2    2    2    1    2    1    4
  48   5    1    2    4    2    3    2    2    2    3    2
  49   5    4    2    2    2    3    2    3    2    4    2
  50   5    2    2    1    2    3    2    4    2    4    2
  51   3    1    3    4    3    3    4
  52   2    2    5    2    5
  53   5    4    4    4    4    1    4    1    4    2    4
  54   1    3   40
  55   3    3    3    3    3    3    4
  56   2    1   15    4   15
  57   2    2   20    3   20
  58   5    2    6    4    6    2    6    3    6    4    6
  59   2    1    5    1    5
  60   3    1    6    3    6    1    8
  61   1    4   10
  62   1    1   20
  63   1    3   50
  64   2    4    5    4    5
  65   3    1    3    1    3    3    4
  66   5    2    2    1    2    1    2    3    2    3    2
  67   1    1   10
  68   1    3   10
  69   2    4    5    3    5
  70   5    4    6    1    6    1    6    2    6    3    6
  71   1    1   20
  72   5    3    2    3    2    1    2    4    2    4    2
  73   5    4    2    4    2    1    2    1    2    2    2
  74   3    3   15    2   15    3   20
  75   1    3   20
  76   2    1    5    4    5
  77   5    3    2    2    2    2    2    1    2    4    2
  78   4    2    5    1    5    3    5    2    5
  79   4    1    2    2    2    2    2    3    4
  80   2    1    5    1    5
  81   4    2    7    1    7    4    7    2    9
  82   5    2    4    2    4    1    4    2    4    4    4
  83   5    2    2    3    2    3    2    2    2    3    2
  84   2    1   10    3   10
  85   5    4    6    1    6    2    6    2    6    4    6
  86   5    1    2    2    2    1    2    2    2    4    2
  87   2    1   10    1   10
  88   3    4    9    3    9    4   12
  89   2    1    5    4    5
  90   3    1    3    1    3    3    4
  91   1    3   10
  92   3    3    6    2    6    1    8
  93   3    2   12    3   12    2   16
  94   3    3    3    3    3    1    4
  95   1    3   30
  96   5    3    2    3    2    2    2    2    2    1    2
  97   1    1   30
  98   4    1    5    3    5    4    5    1    5
  99   2    2    5    4    5
 100   4    1    5    2    5    1    5    2    5
