Instance: E076-14s.dat
Class:  5
   75 --- number of customers (no depot)
   17 --- number of vehicles
    8 --- number of stacks on the vehicle
  215 --- number of items
Capacity of the vehicle - height of each stacks
    900    10
Node - x - y - demand
    0    40.0    40.0     0.0
    1    22.0    22.0    18.0
    2    36.0    26.0    26.0
    3    21.0    45.0    11.0
    4    45.0    35.0    30.0
    5    55.0    20.0    21.0
    6    33.0    34.0    19.0
    7    50.0    50.0    15.0
    8    55.0    45.0    16.0
    9    26.0    59.0    29.0
   10    40.0    66.0    26.0
   11    55.0    65.0    37.0
   12    35.0    51.0    16.0
   13    62.0    35.0    12.0
   14    62.0    57.0    31.0
   15    62.0    24.0     8.0
   16    21.0    36.0    19.0
   17    33.0    44.0    20.0
   18     9.0    56.0    13.0
   19    62.0    48.0    15.0
   20    66.0    14.0    22.0
   21    44.0    13.0    28.0
   22    26.0    13.0    12.0
   23    11.0    28.0     6.0
   24     7.0    43.0    27.0
   25    17.0    64.0    14.0
   26    41.0    46.0    18.0
   27    55.0    34.0    17.0
   28    35.0    16.0    29.0
   29    52.0    26.0    13.0
   30    43.0    26.0    22.0
   31    31.0    76.0    25.0
   32    22.0    53.0    28.0
   33    26.0    29.0    27.0
   34    50.0    40.0    19.0
   35    55.0    50.0    10.0
   36    54.0    10.0    12.0
   37    60.0    15.0    14.0
   38    47.0    66.0    24.0
   39    30.0    60.0    16.0
   40    30.0    50.0    33.0
   41    12.0    17.0    15.0
   42    15.0    14.0    11.0
   43    16.0    19.0    18.0
   44    21.0    48.0    17.0
   45    50.0    30.0    21.0
   46    51.0    42.0    27.0
   47    50.0    15.0    19.0
   48    48.0    21.0    20.0
   49    12.0    38.0     5.0
   50    15.0    56.0    22.0
   51    29.0    39.0    12.0
   52    54.0    38.0    19.0
   53    55.0    57.0    22.0
   54    67.0    41.0    16.0
   55    10.0    70.0     7.0
   56     6.0    25.0    26.0
   57    65.0    27.0    14.0
   58    40.0    60.0    21.0
   59    70.0    64.0    24.0
   60    64.0     4.0    13.0
   61    36.0     6.0    15.0
   62    30.0    20.0    18.0
   63    20.0    30.0    11.0
   64    15.0     5.0    28.0
   65    50.0    70.0     9.0
   66    57.0    72.0    37.0
   67    45.0    42.0    30.0
   68    38.0    33.0    10.0
   69    50.0     4.0     8.0
   70    66.0     8.0    11.0
   71    59.0     5.0     3.0
   72    35.0    60.0     1.0
   73    27.0    24.0     6.0
   74    40.0    20.0    10.0
   75    40.0    37.0    20.0
Node - number of items - height and weight for each item
   0   0
   1   4    1    4    4    4    1    4    1    6
   2   5    3    5    2    5    1    5    4    5    4    6
   3   2    1    5    4    6
   4   2    2   15    4   15
   5   1    2   21
   6   2    1    9    3   10
   7   4    2    3    1    3    4    3    1    6
   8   5    4    3    1    3    4    3    3    3    3    4
   9   1    4   29
  10   5    4    5    2    5    2    5    3    5    4    6
  11   2    1   18    2   19
  12   1    2   16
  13   4    3    3    3    3    3    3    2    3
  14   3    2    9    2    9    1   13
  15   1    3    8
  16   2    3    9    2   10
  17   4    2    5    4    5    3    5    2    5
  18   5    3    2    4    2    4    2    2    2    2    5
  19   4    2    3    4    3    2    3    1    6
  20   1    1   22
  21   1    2   28
  22   3    1    3    2    3    2    6
  23   1    2    6
  24   2    2   13    2   14
  25   2    1    7    3    7
  26   4    3    4    4    4    2    4    2    6
  27   1    3   17
  28   5    4    5    4    5    2    5    2    5    3    9
  29   4    2    3    2    3    2    3    4    4
  30   1    2   22
  31   2    2   12    1   13
  32   2    3   14    2   14
  33   1    2   27
  34   1    4   19
  35   1    1   10
  36   4    1    3    3    3    1    3    1    3
  37   4    2    3    4    3    4    3    2    5
  38   2    3   12    4   12
  39   1    3   16
  40   4    4    8    1    8    4    8    4    9
  41   4    4    3    1    3    4    3    3    6
  42   3    2    3    2    3    1    5
  43   3    4    5    4    5    2    8
  44   1    2   17
  45   5    2    4    1    4    2    4    3    4    1    5
  46   2    3   13    1   14
  47   1    1   19
  48   3    2    6    2    6    3    8
  49   1    3    5
  50   2    4   11    1   11
  51   3    3    3    4    3    1    6
  52   3    1    5    2    5    2    9
  53   5    1    4    1    4    3    4    2    4    1    6
  54   1    3   16
  55   5    3    1    1    1    4    1    4    1    3    3
  56   3    3    7    2    7    3   12
  57   5    4    2    2    2    3    2    2    2    2    6
  58   2    2   10    3   11
  59   1    1   24
  60   2    1    6    2    7
  61   4    1    3    3    3    4    3    1    6
  62   2    1    9    3    9
  63   5    3    2    2    2    1    2    3    2    4    3
  64   2    4   14    4   14
  65   1    2    9
  66   4    4    9    2    9    1    9    3   10
  67   4    3    7    3    7    1    7    1    9
  68   3    1    3    1    3    4    4
  69   4    2    2    2    2    3    2    4    2
  70   5    3    2    1    2    3    2    4    2    1    3
  71   1    4    3
  72   1    4    1
  73   1    4    6
  74   3    4    3    3    3    1    4
  75   4    4    5    3    5    2    5    2    5
