Instance: E135-07f.dat
Class:  3
  134 --- number of customers (no depot)
   26 --- number of vehicles
    8 --- number of stacks on the vehicle
  262 --- number of items
Capacity of the vehicle - height of each stacks
    900    10
Node - x - y - demand
    0    -6.0    15.0    0.0
    1     3.2     5.1   49.0
    2    24.6     8.3   79.0
    3    23.3     1.3   74.0
    4    27.8     8.3   86.0
    5    29.0     8.0   47.0
    6    31.0     8.0  112.0
    7    33.5    10.5  100.0
    8    30.0    10.5  106.0
    9    29.0    10.0   81.0
   10    26.5    11.7   85.0
   11    28.3    14.3   58.0
   12    27.0    14.3   50.0
   13    23.5    19.0   48.0
   14    26.0    20.0   81.0
   15    25.0    20.0   69.0
   16    20.5    19.0   95.0
   17   -20.0    13.0   66.0
   18   -21.0    14.0   64.0
   19   -30.0    30.0   91.0
   20    -5.0    30.0   91.0
   21     1.3    17.8   50.0
   22     1.8    13.8   66.0
   23     1.8    13.1   69.0
   24     2.0    13.6  107.0
   25     4.8    17.0  107.0
   26     7.0    15.0   19.0
   27     9.8    16.6   73.0
   28    11.4    14.5   32.0
   29    14.4    11.3   95.0
   30    11.0    12.0  109.0
   31     9.3    10.7   29.0
   32     0.6     2.8   30.0
   33   -30.0   -10.0   72.0
   34     2.0     0.0  108.0
   35    14.5     1.0   93.0
   36    15.0     1.8   56.0
   37    17.2     2.4  116.0
   38    17.2     4.2   73.0
   39    18.2     4.4   77.0
   40    20.3     2.1  113.0
   41    22.8     3.1   93.0
   42    23.0     4.0   78.0
   43    20.8     4.0   84.0
   44    20.8     4.0   76.0
   45    18.5     6.4   93.0
   46   -14.0    16.0  100.0
   47    -0.5     6.9   91.0
   48     3.2     2.8   96.0
   49     5.6     1.8   95.0
   50     8.7     2.8   89.0
   51     9.0     3.3   95.0
   52     9.0     3.5   78.0
   53    11.2     3.3  105.0
   54    10.8     4.7  119.0
   55    11.5     4.6   91.0
   56    12.3     4.7   14.0
   57    12.3     5.5   10.0
   58    11.2     6.9   16.0
   59     6.5     9.7   12.0
   60     5.8     8.5   13.0
   61     7.2     6.0   13.0
   62     7.2     4.0   15.0
   63    -4.0    -4.0   11.0
   64    -3.0     1.2   15.0
   65   -40.0    49.0   12.0
   66   -15.0    10.0   18.0
   67   -11.0   -10.0   15.0
   68   -25.0   -20.0   12.0
   69   -25.0   -35.0   50.0
   70   -24.0   -35.0   41.0
   71   -18.0    10.0   40.0
   72    -2.0    10.0   98.0
   73    -4.0     8.0   92.0
   74    -3.0     5.0   99.0
   75     2.1     6.2   95.0
   76    -1.7     3.0   96.0
   77    -3.0     2.0   94.0
   78    -7.0     0.0  102.0
   79    -3.0    -6.0   94.0
   80   -30.0   -11.0  101.0
   81   -62.0   -10.0  104.0
   82    -8.0    30.0   91.0
   83     1.0    60.0   96.0
   84    10.0    52.0   90.0
   85    10.0    52.0   96.0
   86    10.0    51.0   90.0
   87    16.0    29.0   92.0
   88    26.0    21.0  111.0
   89    16.0    21.0  105.0
   90    15.5    19.2  110.0
   91     0.0    16.5  114.0
   92    17.2    14.3  117.0
   93    16.5     7.8  113.0
   94    16.9     7.7  115.0
   95    18.0     2.0  108.0
   96    16.2     4.0   11.0
   97    15.0     4.0   11.0
   98    15.0     3.0   23.0
   99    14.8     2.4   13.0
  100    14.5     3.0   11.0
  101    13.0     2.6   35.0
  102    11.8     3.0   57.0
  103    12.0     4.0   31.0
  104    12.8     3.6   84.0
  105    13.4     5.5   15.0
  106  -150.0     8.0   37.0
  107  -152.0     1.0   56.0
  108  -152.0     0.0   77.0
  109  -142.0   -31.0    6.0
  110   -78.0   -19.0   92.0
  111   -78.0   -18.0   84.0
  112   -78.0   -17.0   13.0
  113   -80.0   -14.0   42.0
  114  -118.0    22.0   41.0
  115  -107.0    30.0  102.0
  116   -85.0    14.0  113.0
  117   -78.0    15.0  108.0
  118   -15.0    16.0  108.0
  119   -62.0    32.0  104.0
  120  -120.0   -20.0  114.0
  121   -90.0   -22.0  116.0
  122   -79.0   -19.0   93.0
  123   -79.0   -18.5  102.0
  124   -79.0   -18.0  113.0
  125   -78.0   -17.5  106.0
  126   -79.0   -17.0  119.0
  127   -80.0   -17.0   95.0
  128   -80.0   -16.0   94.0
  129   -80.0   -15.0   92.0
  130   -48.0    37.0  101.0
  131   -85.0    15.0  117.0
  132   -62.0    -9.0  101.0
  133   -15.0    -4.0  109.0
  134    -1.0     3.2  114.0
Node - number of items - height and weight for each item
   0   0
   1   3    3   14    2   19    1   16
   2   1    2   79
   3   1    3   74
   4   2    2   38    3   48
   5   2    2   21    3   26
   6   1    1  112
   7   2    4   45    2   55
   8   1    4  106
   9   1    1   81
  10   3    1   25    1   34    3   26
  11   2    1   26    1   32
  12   1    3   50
  13   3    3   14    4   19    1   15
  14   3    3   24    4   32    1   25
  15   2    2   31    1   38
  16   1    1   95
  17   2    2   29    3   37
  18   2    3   28    3   36
  19   2    3   40    1   51
  20   3    1   27    3   36    2   28
  21   3    3   15    3   20    1   15
  22   2    1   29    2   37
  23   2    2   31    3   38
  24   2    3   48    3   59
  25   2    2   48    2   59
  26   1    3   19
  27   1    3   73
  28   1    2   32
  29   2    4   42    1   53
  30   3    3   32    4   43    1   34
  31   1    2   29
  32   1    4   30
  33   1    2   72
  34   2    1   48    2   60
  35   1    3   93
  36   1    1   56
  37   1    2  116
  38   3    4   21    4   29    2   23
  39   2    2   34    2   43
  40   1    4  113
  41   3    2   27    1   37    1   29
  42   1    2   78
  43   2    2   37    4   47
  44   2    3   34    4   42
  45   3    2   27    4   37    3   29
  46   2    1   45    2   55
  47   1    4   91
  48   1    2   96
  49   2    1   42    3   53
  50   2    4   40    3   49
  51   1    3   95
  52   1    3   78
  53   2    4   47    4   58
  54   3    2   35    3   47    1   37
  55   3    3   27    3   36    3   28
  56   3    2    4    1    5    2    5
  57   3    3    3    1    4    2    3
  58   2    3    7    1    9
  59   2    3    5    1    7
  60   1    3   13
  61   3    4    3    1    5    3    5
  62   3    3    4    3    6    1    5
  63   3    2    3    4    4    4    4
  64   3    4    4    2    6    4    5
  65   3    3    3    1    4    4    5
  66   2    4    8    1   10
  67   3    2    4    1    6    2    5
  68   1    2   12
  69   3    2   15    1   20    4   15
  70   3    3   12    3   16    4   13
  71   1    2   40
  72   1    4   98
  73   1    4   92
  74   1    1   99
  75   2    1   42    1   53
  76   3    1   28    1   38    4   30
  77   3    2   28    2   37    2   29
  78   2    4   45    4   57
  79   3    1   28    1   37    2   29
  80   2    2   45    4   56
  81   1    1  104
  82   3    4   27    4   36    3   28
  83   2    2   43    4   53
  84   1    3   90
  85   3    1   28    4   38    3   30
  86   2    1   40    1   50
  87   2    3   41    2   51
  88   2    2   49    3   62
  89   2    2   47    1   58
  90   3    3   33    4   44    2   33
  91   2    1   51    2   63
  92   1    2  117
  93   3    2   33    4   45    2   35
  94   2    4   51    2   64
  95   1    2  108
  96   3    4    3    1    4    4    4
  97   3    2    3    3    4    3    4
  98   1    1   23
  99   3    1    3    4    5    1    5
 100   1    3   11
 101   3    3   10    1   14    1   11
 102   3    2   17    4   22    3   18
 103   2    4   13    1   18
 104   3    4   25    1   33    3   26
 105   1    3   15
 106   2    2   16    3   21
 107   2    3   25    2   31
 108   2    4   34    3   43
 109   1    3    6
 110   1    3   92
 111   1    4   84
 112   2    2    5    4    8
 113   3    2   12    3   16    2   14
 114   3    1   12    4   16    3   13
 115   3    3   30    1   40    2   32
 116   3    3   33    4   45    2   35
 117   3    3   32    3   43    3   33
 118   1    3  108
 119   3    2   31    1   41    4   32
 120   1    4  114
 121   2    1   52    2   64
 122   2    1   41    4   52
 123   1    2  102
 124   2    2   50    1   63
 125   1    3  106
 126   1    4  119
 127   3    3   28    3   38    1   29
 128   1    1   94
 129   1    3   92
 130   1    2  101
 131   1    3  117
 132   2    1   45    3   56
 133   1    3  109
 134   2    1   51    4   63
