Instance: E033-05s.dat
Class:  3
   32 --- number of customers (no depot)
    6 --- number of vehicles
    8 --- number of stacks on the vehicle
   59 --- number of items
Capacity of the vehicle - height of each stacks
    900    10
Node - x - y - demand
    0   292.0   495.0    0.0
    1   298.0   427.0  103.0
    2   309.0   445.0  101.0
    3   307.0   464.0  101.0
    4   336.0   475.0  104.0
    5   320.0   439.0  105.0
    6   321.0   437.0   34.0
    7   322.0   437.0   26.0
    8   323.0   433.0    8.0
    9   324.0   433.0   18.0
   10   323.0   429.0   22.0
   11   314.0   435.0   97.0
   12   311.0   442.0   96.0
   13   304.0   427.0   91.0
   14   293.0   421.0   92.0
   15   296.0   418.0   91.0
   16   261.0   384.0   35.0
   17   297.0   410.0   38.0
   18   315.0   407.0   51.0
   19   314.0   406.0   91.0
   20   321.0   391.0   43.0
   21   321.0   398.0   96.0
   22   314.0   394.0   43.0
   23   313.0   378.0   52.0
   24   304.0   382.0   75.0
   25   295.0   402.0   95.0
   26   283.0   406.0   94.0
   27   279.0   399.0   95.0
   28   271.0   401.0   93.0
   29   264.0   414.0   94.0
   30   277.0   439.0   92.0
   31   290.0   434.0   96.0
   32   319.0   433.0   91.0
Node - number of items - height and weight for each item
   0   0
   1   3    1   30    2   41    4   32
   2   1    4  101
   3   1    3  101
   4   2    4   46    3   58
   5   2    4   47    2   58
   6   1    2   34
   7   3    4    7    1   10    1    9
   8   3    2    2    4    3    4    3
   9   1    4   18
  10   1    3   22
  11   2    3   43    2   54
  12   1    3   96
  13   2    4   40    2   51
  14   2    2   41    4   51
  15   2    3   40    1   51
  16   1    4   35
  17   1    1   38
  18   1    1   51
  19   2    4   40    1   51
  20   1    3   43
  21   1    2   96
  22   3    4   12    1   17    1   14
  23   2    4   23    3   29
  24   3    3   22    4   30    3   23
  25   3    4   28    3   38    4   29
  26   2    4   42    3   52
  27   2    2   42    3   53
  28   2    2   41    1   52
  29   2    1   42    1   52
  30   2    1   41    3   51
  31   1    3   96
  32   3    4   27    4   36    4   28
