Instance: E051-05e.dat
Class:  2
   50 --- number of customers (no depot)
   11 --- number of vehicles
    8 --- number of stacks on the vehicle
   82 --- number of items
Capacity of the vehicle - height of each stacks
    900    10
Node - x - y - demand
    0    30.0    40.0     0.0
    1    37.0    52.0     7.0
    2    49.0    49.0    30.0
    3    52.0    64.0    16.0
    4    20.0    26.0     9.0
    5    40.0    30.0    21.0
    6    21.0    47.0    15.0
    7    17.0    63.0    19.0
    8    31.0    62.0    23.0
    9    52.0    33.0    11.0
   10    51.0    21.0     5.0
   11    42.0    41.0    19.0
   12    31.0    32.0    29.0
   13     5.0    25.0    23.0
   14    12.0    42.0    21.0
   15    36.0    16.0    10.0
   16    52.0    41.0    15.0
   17    27.0    23.0     3.0
   18    17.0    33.0    41.0
   19    13.0    13.0     9.0
   20    57.0    58.0    28.0
   21    62.0    42.0     8.0
   22    42.0    57.0     8.0
   23    16.0    57.0    16.0
   24     8.0    52.0    10.0
   25     7.0    38.0    28.0
   26    27.0    68.0     7.0
   27    30.0    48.0    15.0
   28    43.0    67.0    14.0
   29    58.0    48.0     6.0
   30    58.0    27.0    19.0
   31    37.0    69.0    11.0
   32    38.0    46.0    12.0
   33    46.0    10.0    23.0
   34    61.0    33.0    26.0
   35    62.0    63.0    17.0
   36    63.0    69.0     6.0
   37    32.0    22.0     9.0
   38    45.0    35.0    15.0
   39    59.0    15.0    14.0
   40     5.0     6.0     7.0
   41    10.0    17.0    27.0
   42    21.0    10.0    13.0
   43     5.0    64.0    11.0
   44    30.0    15.0    16.0
   45    39.0    10.0    10.0
   46    32.0    39.0     5.0
   47    25.0    32.0    25.0
   48    25.0    55.0    17.0
   49    48.0    28.0    18.0
   50    56.0    37.0    10.0
Node - number of items - height and weight for each item
   0   0
   1   2    4    3    3    4
   2   1    4   30
   3   2    3    8    1    8
   4   1    3    9
   5   2    3   10    1   11
   6   2    2    7    2    8
   7   2    4    9    1   10
   8   2    4   11    1   12
   9   2    4    5    2    6
  10   1    2    5
  11   2    4    9    1   10
  12   1    3   29
  13   1    2   23
  14   2    1   10    1   11
  15   1    1   10
  16   1    3   15
  17   1    1    3
  18   2    2   20    3   21
  19   2    2    4    2    5
  20   2    1   14    2   14
  21   1    2    8
  22   1    1    8
  23   1    2   16
  24   2    4    5    4    5
  25   2    1   14    2   14
  26   2    2    3    3    4
  27   1    4   15
  28   2    4    7    2    7
  29   1    1    6
  30   2    4    9    1   10
  31   2    2    5    2    6
  32   1    4   12
  33   1    3   23
  34   2    1   13    4   13
  35   2    4    8    4    9
  36   1    1    6
  37   2    3    4    2    5
  38   2    2    7    3    8
  39   2    2    7    3    7
  40   2    2    3    3    4
  41   2    2   13    1   14
  42   2    2    6    3    7
  43   1    3   11
  44   2    2    8    3    8
  45   1    1   10
  46   1    4    5
  47   1    1   25
  48   1    2   17
  49   2    2    9    2    9
  50   2    4    5    1    5
