Instance: E101-14s.dat
Class:  3
  100 --- number of customers (no depot)
   22 --- number of vehicles
    8 --- number of stacks on the vehicle
  211 --- number of items
Capacity of the vehicle - height of each stacks
    900    10
Node - x - y - demand
    0    35.0    35.0     0.0
    1    41.0    49.0    10.0
    2    35.0    17.0     7.0
    3    55.0    45.0    13.0
    4    55.0    20.0    19.0
    5    15.0    30.0    26.0
    6    25.0    30.0     3.0
    7    20.0    50.0     5.0
    8    10.0    43.0     9.0
    9    55.0    60.0    16.0
   10    30.0    60.0    16.0
   11    20.0    65.0    12.0
   12    50.0    35.0    19.0
   13    30.0    25.0    23.0
   14    15.0    10.0    20.0
   15    30.0     5.0     8.0
   16    10.0    20.0    19.0
   17     5.0    30.0     2.0
   18    20.0    40.0    12.0
   19    15.0    60.0    17.0
   20    45.0    65.0     9.0
   21    45.0    20.0    11.0
   22    45.0    10.0    18.0
   23    55.0     5.0    29.0
   24    65.0    35.0     3.0
   25    65.0    20.0     6.0
   26    45.0    30.0    17.0
   27    35.0    40.0    16.0
   28    41.0    37.0    16.0
   29    64.0    42.0     9.0
   30    40.0    60.0    21.0
   31    31.0    52.0    27.0
   32    35.0    69.0    23.0
   33    53.0    52.0    11.0
   34    65.0    55.0    14.0
   35    63.0    65.0     8.0
   36     2.0    60.0     5.0
   37    20.0    20.0     8.0
   38     5.0     5.0    16.0
   39    60.0    12.0    31.0
   40    40.0    25.0     9.0
   41    42.0     7.0     5.0
   42    24.0    12.0     5.0
   43    23.0     3.0     7.0
   44    11.0    14.0    18.0
   45     6.0    38.0    16.0
   46     2.0    48.0     1.0
   47     8.0    56.0    27.0
   48    13.0    52.0    36.0
   49     6.0    68.0    30.0
   50    47.0    47.0    13.0
   51    49.0    58.0    10.0
   52    27.0    43.0     9.0
   53    37.0    31.0    14.0
   54    57.0    29.0    18.0
   55    63.0    23.0     2.0
   56    53.0    12.0     6.0
   57    32.0    12.0     7.0
   58    36.0    26.0    18.0
   59    21.0    24.0    28.0
   60    17.0    34.0     3.0
   61    12.0    24.0    13.0
   62    24.0    58.0    19.0
   63    27.0    69.0    10.0
   64    15.0    77.0     9.0
   65    62.0    77.0    20.0
   66    49.0    73.0    25.0
   67    67.0     5.0    25.0
   68    56.0    39.0    36.0
   69    37.0    47.0     6.0
   70    37.0    56.0     5.0
   71    57.0    68.0    15.0
   72    47.0    16.0    25.0
   73    44.0    17.0     9.0
   74    46.0    13.0     8.0
   75    49.0    11.0    18.0
   76    49.0    42.0    13.0
   77    53.0    43.0    14.0
   78    61.0    52.0     3.0
   79    57.0    48.0    23.0
   80    56.0    37.0     6.0
   81    55.0    54.0    26.0
   82    15.0    47.0    16.0
   83    14.0    37.0    11.0
   84    11.0    31.0     7.0
   85    16.0    22.0    41.0
   86     4.0    18.0    35.0
   87    28.0    18.0    26.0
   88    26.0    52.0     9.0
   89    26.0    35.0    15.0
   90    31.0    67.0     3.0
   91    15.0    19.0     1.0
   92    22.0    22.0     2.0
   93    18.0    24.0    22.0
   94    26.0    27.0    27.0
   95    25.0    24.0    20.0
   96    22.0    27.0    11.0
   97    25.0    21.0    12.0
   98    19.0    21.0    10.0
   99    20.0    26.0     9.0
  100    18.0    18.0    17.0
Node - number of items - height and weight for each item
   0   0
   1   3    3    3    1    3    1    4
   2   3    3    2    1    2    3    3
   3   2    2    6    1    7
   4   1    3   19
   5   3    1    7    4    7    2   12
   6   1    2    3
   7   1    3    5
   8   1    1    9
   9   3    3    4    2    4    3    8
  10   2    2    8    3    8
  11   1    3   12
  12   3    3    5    2    5    4    9
  13   2    1   11    2   12
  14   1    1   20
  15   3    1    2    4    2    1    4
  16   3    2    5    3    5    4    9
  17   1    4    2
  18   2    3    6    2    6
  19   2    3    8    1    9
  20   2    4    4    4    5
  21   3    3    3    4    3    3    5
  22   3    3    5    3    5    3    8
  23   2    2   14    2   15
  24   1    4    3
  25   1    4    6
  26   2    1    8    2    9
  27   3    4    4    1    4    2    8
  28   1    2   16
  29   1    3    9
  30   1    4   21
  31   3    2    8    1    8    4   11
  32   2    3   11    1   12
  33   2    1    5    2    6
  34   1    1   14
  35   1    1    8
  36   1    4    5
  37   1    4    8
  38   3    2    4    3    4    2    8
  39   1    2   31
  40   3    3    2    3    2    2    5
  41   1    1    5
  42   1    2    5
  43   1    2    7
  44   1    2   18
  45   1    4   16
  46   1    4    1
  47   3    4    8    4    8    4   11
  48   2    3   18    3   18
  49   1    3   30
  50   1    1   13
  51   3    3    3    4    3    1    4
  52   3    2    2    3    2    4    5
  53   2    2    7    3    7
  54   3    1    5    4    5    4    8
  55   1    4    2
  56   1    2    6
  57   1    4    7
  58   2    1    9    1    9
  59   3    3    8    2    8    2   12
  60   1    4    3
  61   2    1    6    1    7
  62   1    1   19
  63   3    2    3    2    3    4    4
  64   3    2    2    2    2    1    5
  65   2    1   10    1   10
  66   1    3   25
  67   2    2   12    1   13
  68   2    2   18    4   18
  69   1    1    6
  70   1    2    5
  71   1    1   15
  72   2    1   12    4   13
  73   1    2    9
  74   2    4    4    3    4
  75   2    3    9    2    9
  76   1    3   13
  77   2    3    7    4    7
  78   1    3    3
  79   2    3   11    4   12
  80   1    3    6
  81   1    4   26
  82   2    2    8    2    8
  83   1    3   11
  84   2    4    3    2    4
  85   3    3   12    1   12    1   17
  86   3    2   10    4   10    2   15
  87   3    1    7    1    7    3   12
  88   3    4    2    3    2    2    5
  89   2    4    7    1    8
  90   1    2    3
  91   1    3    1
  92   1    4    2
  93   3    2    6    1    6    2   10
  94   2    2   13    1   14
  95   3    3    6    1    6    4    8
  96   2    1    5    1    6
  97   3    1    3    4    3    3    6
  98   3    4    3    1    3    3    4
  99   2    2    4    2    5
 100   3    4    5    2    5    2    7
