Instance: E031-09h.dat
Class:  3
   30 --- number of customers (no depot)
    9 --- number of vehicles
    8 --- number of stacks on the vehicle
   56 --- number of items
Capacity of the vehicle - height of each stacks
    900    10
Node - x - y - demand
    0    40.0    40.0     0.0
    1    22.0    22.0    18.0
    2    36.0    26.0    26.0
    3    21.0    45.0    11.0
    4    45.0    35.0    30.0
    5    55.0    20.0    21.0
    6    33.0    34.0    19.0
    7    50.0    50.0    15.0
    8    55.0    45.0    16.0
    9    26.0    59.0    29.0
   10    40.0    66.0    26.0
   11    55.0    65.0    37.0
   12    35.0    51.0    16.0
   13    62.0    35.0    12.0
   14    62.0    57.0    31.0
   15    62.0    24.0     8.0
   16    21.0    36.0    19.0
   17    33.0    44.0    20.0
   18     9.0    56.0    13.0
   19    62.0    48.0    15.0
   20    66.0    14.0    22.0
   21    44.0    13.0    28.0
   22    26.0    13.0    12.0
   23    11.0    28.0     6.0
   24     7.0    43.0    27.0
   25    17.0    64.0    14.0
   26    41.0    46.0    18.0
   27    55.0    34.0    17.0
   28    35.0    16.0    29.0
   29    52.0    26.0    13.0
   30    43.0    26.0    22.0
Node - number of items - height and weight for each item
   0   0
   1   1    1   18
   2   3    2    7    3    7    1   12
   3   1    4   11
   4   2    1   15    3   15
   5   2    4   10    3   11
   6   2    2    9    4   10
   7   3    1    4    3    4    4    7
   8   1    4   16
   9   3    2    8    2    8    2   13
  10   1    4   26
  11   2    1   18    3   19
  12   2    4    8    3    8
  13   2    3    6    1    6
  14   3    4    9    1    9    4   13
  15   2    4    4    4    4
  16   2    3    9    1   10
  17   3    4    6    3    6    2    8
  18   2    1    6    1    7
  19   3    3    4    4    4    4    7
  20   2    1   11    2   11
  21   1    4   28
  22   2    4    6    4    6
  23   1    4    6
  24   2    2   13    2   14
  25   2    1    7    4    7
  26   1    3   18
  27   1    1   17
  28   2    2   14    1   15
  29   1    2   13
  30   1    1   22
