Instance: E200-17c.dat
Class:  4
  199 --- number of customers (no depot)
   41 --- number of vehicles
    8 --- number of stacks on the vehicle
  499 --- number of items
Capacity of the vehicle - height of each stacks
    900    10
Node - x - y - demand
    0    35.0    35.0     0.0
    1    22.0    22.0    18.0
    2    36.0    26.0    26.0
    3    21.0    45.0    11.0
    4    45.0    35.0    30.0
    5    55.0    20.0    21.0
    6    33.0    34.0    19.0
    7    50.0    50.0    15.0
    8    55.0    45.0    16.0
    9    26.0    59.0    29.0
   10    40.0    66.0    26.0
   11    55.0    65.0    37.0
   12    35.0    51.0    16.0
   13    62.0    35.0    12.0
   14    62.0    57.0    31.0
   15    62.0    24.0     8.0
   16    21.0    36.0    19.0
   17    33.0    44.0    20.0
   18     9.0    56.0    13.0
   19    62.0    48.0    15.0
   20    66.0    14.0    22.0
   21    44.0    13.0    28.0
   22    26.0    13.0    12.0
   23    11.0    28.0     6.0
   24     7.0    43.0    27.0
   25    17.0    64.0    14.0
   26    41.0    46.0    18.0
   27    55.0    34.0    17.0
   28    35.0    16.0    29.0
   29    52.0    26.0    13.0
   30    43.0    26.0    22.0
   31    31.0    76.0    25.0
   32    22.0    53.0    28.0
   33    26.0    29.0    27.0
   34    50.0    40.0    19.0
   35    55.0    50.0    10.0
   36    54.0    10.0    12.0
   37    60.0    15.0    14.0
   38    47.0    66.0    24.0
   39    30.0    60.0    16.0
   40    30.0    50.0    33.0
   41    12.0    17.0    15.0
   42    15.0    14.0    11.0
   43    16.0    19.0    18.0
   44    21.0    48.0    17.0
   45    50.0    30.0    21.0
   46    51.0    42.0    27.0
   47    50.0    15.0    19.0
   48    48.0    21.0    20.0
   49    12.0    38.0     5.0
   50    37.0    52.0     7.0
   51    49.0    49.0    30.0
   52    52.0    64.0    16.0
   53    20.0    26.0     9.0
   54    40.0    30.0    21.0
   55    21.0    47.0    15.0
   56    17.0    63.0    19.0
   57    31.0    62.0    23.0
   58    52.0    33.0    11.0
   59    51.0    21.0     5.0
   60    42.0    41.0    19.0
   61    31.0    32.0    29.0
   62     5.0    25.0    23.0
   63    12.0    42.0    21.0
   64    36.0    16.0    10.0
   65    52.0    41.0    15.0
   66    27.0    23.0     3.0
   67    17.0    33.0    41.0
   68    13.0    13.0     9.0
   69    57.0    58.0    28.0
   70    62.0    42.0     8.0
   71    42.0    57.0     8.0
   72    16.0    57.0    16.0
   73     8.0    52.0    10.0
   74     7.0    38.0    28.0
   75    27.0    68.0     7.0
   76    30.0    48.0    15.0
   77    43.0    67.0    14.0
   78    58.0    48.0     6.0
   79    58.0    27.0    19.0
   80    37.0    69.0    11.0
   81    38.0    46.0    12.0
   82    46.0    10.0    23.0
   83    61.0    33.0    26.0
   84    62.0    63.0    17.0
   85    63.0    69.0     6.0
   86    32.0    22.0     9.0
   87    45.0    35.0    15.0
   88    59.0    15.0    14.0
   89     5.0     6.0     7.0
   90    10.0    17.0    27.0
   91    21.0    10.0    13.0
   92     5.0    64.0    11.0
   93    30.0    15.0    16.0
   94    39.0    10.0    10.0
   95    32.0    39.0     5.0
   96    25.0    32.0    25.0
   97    25.0    55.0    17.0
   98    48.0    28.0    18.0
   99    56.0    37.0    10.0
  100    41.0    49.0    10.0
  101    35.0    17.0     7.0
  102    55.0    45.0    13.0
  103    55.0    20.0    19.0
  104    15.0    30.0    26.0
  105    25.0    30.0     3.0
  106    20.0    50.0     5.0
  107    10.0    43.0     9.0
  108    55.0    60.0    16.0
  109    30.0    60.0    16.0
  110    20.0    65.0    12.0
  111    50.0    35.0    19.0
  112    30.0    25.0    23.0
  113    15.0    10.0    20.0
  114    30.0     5.0     8.0
  115    10.0    20.0    19.0
  116     5.0    30.0     2.0
  117    20.0    40.0    12.0
  118    15.0    60.0    17.0
  119    45.0    65.0     9.0
  120    45.0    20.0    11.0
  121    45.0    10.0    18.0
  122    55.0     5.0    29.0
  123    65.0    35.0     3.0
  124    65.0    20.0     6.0
  125    45.0    30.0    17.0
  126    35.0    40.0    16.0
  127    41.0    37.0    16.0
  128    64.0    42.0     9.0
  129    40.0    60.0    21.0
  130    31.0    52.0    27.0
  131    35.0    69.0    23.0
  132    53.0    52.0    11.0
  133    65.0    55.0    14.0
  134    63.0    65.0     8.0
  135     2.0    60.0     5.0
  136    20.0    20.0     8.0
  137     5.0     5.0    16.0
  138    60.0    12.0    31.0
  139    40.0    25.0     9.0
  140    42.0     7.0     5.0
  141    24.0    12.0     5.0
  142    23.0     3.0     7.0
  143    11.0    14.0    18.0
  144     6.0    38.0    16.0
  145     2.0    48.0     1.0
  146     8.0    56.0    27.0
  147    13.0    52.0    36.0
  148     6.0    68.0    30.0
  149    47.0    47.0    13.0
  150    49.0    58.0    10.0
  151    27.0    43.0     9.0
  152    37.0    31.0    14.0
  153    57.0    29.0    18.0
  154    63.0    23.0     2.0
  155    53.0    12.0     6.0
  156    32.0    12.0     7.0
  157    36.0    26.0    18.0
  158    21.0    24.0    28.0
  159    17.0    34.0     3.0
  160    12.0    24.0    13.0
  161    24.0    58.0    19.0
  162    27.0    69.0    10.0
  163    15.0    77.0     9.0
  164    62.0    77.0    20.0
  165    49.0    73.0    25.0
  166    67.0     5.0    25.0
  167    56.0    39.0    36.0
  168    37.0    47.0     6.0
  169    37.0    56.0     5.0
  170    57.0    68.0    15.0
  171    47.0    16.0    25.0
  172    44.0    17.0     9.0
  173    46.0    13.0     8.0
  174    49.0    11.0    18.0
  175    49.0    42.0    13.0
  176    53.0    43.0    14.0
  177    61.0    52.0     3.0
  178    57.0    48.0    23.0
  179    56.0    37.0     6.0
  180    55.0    54.0    26.0
  181    15.0    47.0    16.0
  182    14.0    37.0    11.0
  183    11.0    31.0     7.0
  184    16.0    22.0    41.0
  185     4.0    18.0    35.0
  186    28.0    18.0    26.0
  187    26.0    52.0     9.0
  188    26.0    35.0    15.0
  189    31.0    67.0     3.0
  190    15.0    19.0     1.0
  191    22.0    22.0     2.0
  192    18.0    24.0    22.0
  193    26.0    27.0    27.0
  194    25.0    24.0    20.0
  195    22.0    27.0    11.0
  196    25.0    21.0    12.0
  197    19.0    21.0    10.0
  198    20.0    26.0     9.0
  199    18.0    18.0    17.0
Node - number of items - height and weight for each item
   0   0
   1   1    2   18
   2   1    4   26
   3   4    2    2    2    2    3    2    2    5
   4   1    1   30
   5   1    3   21
   6   1    1   19
   7   2    1    7    1    8
   8   2    2    8    2    8
   9   4    3    7    2    7    2    7    3    8
  10   1    4   26
  11   3    1   11    3   11    4   15
  12   4    2    4    2    4    2    4    1    4
  13   3    2    3    1    3    3    6
  14   2    2   15    4   16
  15   3    1    2    4    2    1    4
  16   3    2    5    1    5    3    9
  17   4    1    5    1    5    1    5    1    5
  18   3    1    3    1    3    1    7
  19   2    4    7    1    8
  20   2    2   11    1   11
  21   4    1    7    1    7    3    7    1    7
  22   3    2    3    3    3    2    6
  23   1    1    6
  24   3    4    8    2    8    4   11
  25   3    3    4    4    4    4    6
  26   2    2    9    3    9
  27   3    3    5    3    5    4    7
  28   1    4   29
  29   3    2    3    3    3    1    7
  30   3    1    6    3    6    3   10
  31   3    3    7    3    7    2   11
  32   2    3   14    1   14
  33   1    1   27
  34   1    3   19
  35   1    4   10
  36   3    2    3    4    3    4    6
  37   2    2    7    4    7
  38   3    4    7    1    7    2   10
  39   2    4    8    2    8
  40   2    2   16    3   17
  41   3    4    4    3    4    1    7
  42   1    3   11
  43   4    2    4    1    4    1    4    1    6
  44   1    3   17
  45   2    1   10    2   11
  46   1    1   27
  47   2    4    9    1   10
  48   4    1    5    1    5    3    5    3    5
  49   1    2    5
  50   3    3    2    2    2    1    3
  51   1    1   30
  52   4    1    4    3    4    3    4    2    4
  53   1    3    9
  54   3    3    6    2    6    1    9
  55   1    3   15
  56   4    4    4    2    4    4    4    1    7
  57   4    1    5    2    5    2    5    2    8
  58   4    2    2    2    2    4    2    3    5
  59   1    3    5
  60   3    1    5    1    5    2    9
  61   3    1    8    4    8    4   13
  62   4    4    5    1    5    2    5    4    8
  63   1    3   21
  64   2    3    5    2    5
  65   2    3    7    1    8
  66   1    4    3
  67   1    3   41
  68   2    4    4    2    5
  69   4    4    7    2    7    1    7    3    7
  70   2    4    4    1    4
  71   2    2    4    3    4
  72   1    2   16
  73   1    2   10
  74   4    1    7    2    7    4    7    1    7
  75   1    2    7
  76   4    4    3    1    3    2    3    3    6
  77   3    3    4    1    4    3    6
  78   1    3    6
  79   3    4    5    1    5    1    9
  80   4    4    2    4    2    4    2    1    5
  81   2    4    6    1    6
  82   4    4    5    1    5    4    5    2    8
  83   1    3   26
  84   1    4   17
  85   1    4    6
  86   4    3    2    3    2    2    2    3    3
  87   1    2   15
  88   3    4    4    3    4    4    6
  89   4    3    1    1    1    3    1    3    4
  90   3    1    8    2    8    2   11
  91   3    4    3    1    3    4    7
  92   4    1    2    4    2    2    2    2    5
  93   3    4    4    1    4    3    8
  94   4    2    2    1    2    1    2    1    4
  95   1    3    5
  96   2    1   12    2   13
  97   1    3   17
  98   4    2    4    2    4    1    4    2    6
  99   4    2    2    1    2    2    2    4    4
 100   2    4    5    1    5
 101   3    2    2    2    2    3    3
 102   2    4    6    4    7
 103   1    2   19
 104   3    1    7    4    7    1   12
 105   1    2    3
 106   1    2    5
 107   3    4    2    3    2    1    5
 108   4    4    4    4    4    4    4    1    4
 109   3    3    4    2    4    2    8
 110   2    3    6    2    6
 111   3    3    5    2    5    3    9
 112   2    2   11    1   12
 113   4    2    5    3    5    3    5    2    5
 114   2    3    4    1    4
 115   1    4   19
 116   1    1    2
 117   1    2   12
 118   1    2   17
 119   2    2    4    4    5
 120   4    1    2    2    2    4    2    1    5
 121   2    2    9    2    9
 122   1    2   29
 123   1    1    3
 124   1    4    6
 125   4    1    4    3    4    2    4    1    5
 126   1    2   16
 127   4    3    4    3    4    3    4    4    4
 128   3    1    2    2    2    2    5
 129   3    3    6    1    6    1    9
 130   4    1    6    3    6    1    6    1    9
 131   2    4   11    2   12
 132   3    1    3    3    3    1    5
 133   2    3    7    1    7
 134   1    4    8
 135   1    2    5
 136   1    4    8
 137   4    2    4    4    4    2    4    3    4
 138   4    4    7    1    7    3    7    1   10
 139   1    2    9
 140   1    4    5
 141   1    4    5
 142   4    2    1    2    1    4    1    3    4
 143   2    1    9    2    9
 144   4    2    4    1    4    3    4    3    4
 145   1    1    1
 146   2    4   13    2   14
 147   2    2   18    3   18
 148   2    1   15    4   15
 149   1    4   13
 150   4    3    2    2    2    3    2    2    4
 151   3    4    2    2    2    3    5
 152   2    4    7    3    7
 153   2    4    9    3    9
 154   1    2    2
 155   1    4    6
 156   4    4    1    4    1    1    1    3    4
 157   1    4   18
 158   1    4   28
 159   1    3    3
 160   1    1   13
 161   2    3    9    2   10
 162   4    1    2    3    2    4    2    1    4
 163   4    3    2    2    2    4    2    1    3
 164   3    1    6    4    6    3    8
 165   3    4    7    1    7    3   11
 166   3    4    7    2    7    2   11
 167   4    4    9    4    9    4    9    3    9
 168   1    1    6
 169   1    1    5
 170   3    3    4    2    4    3    7
 171   2    3   12    1   13
 172   3    3    2    2    2    2    5
 173   1    3    8
 174   2    3    9    1    9
 175   2    2    6    3    7
 176   4    2    3    2    3    4    3    4    5
 177   1    1    3
 178   3    1    6    1    6    3   11
 179   1    4    6
 180   1    4   26
 181   4    3    4    4    4    3    4    4    4
 182   4    2    2    2    2    2    2    2    5
 183   2    1    3    3    4
 184   3    2   12    4   12    2   17
 185   3    4   10    2   10    1   15
 186   3    4    7    3    7    2   12
 187   4    1    2    2    2    1    2    2    3
 188   3    2    4    3    4    3    7
 189   1    3    3
 190   1    4    1
 191   1    4    2
 192   4    3    5    2    5    3    5    1    7
 193   3    4    8    1    8    3   11
 194   2    3   10    3   10
 195   3    2    3    3    3    1    5
 196   1    3   12
 197   4    4    2    2    2    2    2    4    4
 198   4    4    2    2    2    3    2    1    3
 199   2    1    8    1    9
