Instance: E033-04g.dat
Class:  3
   32 --- number of customers (no depot)
    7 --- number of vehicles
    8 --- number of stacks on the vehicle
   57 --- number of items
Capacity of the vehicle - height of each stacks
    900    10
Node - x - y - demand
    0   292.0   495.0    0.0
    1   298.0   427.0   74.0
    2   309.0   445.0   73.0
    3   307.0   464.0   71.0
    4   336.0   475.0   72.0
    5   320.0   439.0   73.0
    6   321.0   437.0   28.0
    7   322.0   437.0   74.0
    8   323.0   433.0   54.0
    9   324.0   433.0   14.0
   10   323.0   429.0   31.0
   11   314.0   435.0   61.0
   12   311.0   442.0   67.0
   13   304.0   427.0   63.0
   14   293.0   421.0   69.0
   15   296.0   418.0   68.0
   16   261.0   384.0   63.0
   17   297.0   410.0   59.0
   18   315.0   407.0   35.0
   19   314.0   406.0   72.0
   20   321.0   391.0   42.0
   21   321.0   398.0   66.0
   22   314.0   394.0   59.0
   23   313.0   378.0   67.0
   24   304.0   382.0   44.0
   25   295.0   402.0   69.0
   26   283.0   406.0   44.0
   27   279.0   399.0   61.0
   28   271.0   401.0   64.0
   29   264.0   414.0   61.0
   30   277.0   439.0   65.0
   31   290.0   434.0   66.0
   32   319.0   433.0   63.0
Node - number of items - height and weight for each item
   0   0
   1   3    1   22    2   29    4   23
   2   3    4   21    3   29    4   23
   3   3    3   21    4   28    2   22
   4   2    2   32    4   40
   5   1    1   73
   6   2    1   12    2   16
   7   3    4   22    4   29    4   23
   8   3    3   16    3   21    2   17
   9   3    3    4    4    5    2    5
  10   1    2   31
  11   3    4   18    3   24    1   19
  12   1    4   67
  13   1    1   63
  14   2    1   31    4   38
  15   1    1   68
  16   1    3   63
  17   2    2   26    4   33
  18   1    1   35
  19   3    1   21    4   28    3   23
  20   1    3   42
  21   2    4   29    3   37
  22   1    4   59
  23   2    3   30    4   37
  24   1    4   44
  25   1    3   69
  26   2    2   19    3   25
  27   1    2   61
  28   1    1   64
  29   2    1   27    1   34
  30   1    1   65
  31   1    3   66
  32   2    3   28    4   35
