Instance: E031-09h.dat
Class:  4
   30 --- number of customers (no depot)
    9 --- number of vehicles
    8 --- number of stacks on the vehicle
   82 --- number of items
Capacity of the vehicle - height of each stacks
    900    10
Node - x - y - demand
    0    40.0    40.0     0.0
    1    22.0    22.0    18.0
    2    36.0    26.0    26.0
    3    21.0    45.0    11.0
    4    45.0    35.0    30.0
    5    55.0    20.0    21.0
    6    33.0    34.0    19.0
    7    50.0    50.0    15.0
    8    55.0    45.0    16.0
    9    26.0    59.0    29.0
   10    40.0    66.0    26.0
   11    55.0    65.0    37.0
   12    35.0    51.0    16.0
   13    62.0    35.0    12.0
   14    62.0    57.0    31.0
   15    62.0    24.0     8.0
   16    21.0    36.0    19.0
   17    33.0    44.0    20.0
   18     9.0    56.0    13.0
   19    62.0    48.0    15.0
   20    66.0    14.0    22.0
   21    44.0    13.0    28.0
   22    26.0    13.0    12.0
   23    11.0    28.0     6.0
   24     7.0    43.0    27.0
   25    17.0    64.0    14.0
   26    41.0    46.0    18.0
   27    55.0    34.0    17.0
   28    35.0    16.0    29.0
   29    52.0    26.0    13.0
   30    43.0    26.0    22.0
Node - number of items - height and weight for each item
   0   0
   1   2    1    9    2    9
   2   1    3   26
   3   1    1   11
   4   4    4    7    1    7    3    7    4    9
   5   2    3   10    2   11
   6   4    4    4    1    4    3    4    4    7
   7   3    4    4    2    4    2    7
   8   4    2    4    4    4    1    4    3    4
   9   3    4    8    3    8    3   13
  10   4    1    6    4    6    1    6    4    8
  11   3    4   11    4   11    3   15
  12   1    1   16
  13   4    4    3    3    3    2    3    1    3
  14   1    1   31
  15   4    3    2    4    2    4    2    1    2
  16   3    2    5    4    5    4    9
  17   1    4   20
  18   4    4    3    2    3    2    3    1    4
  19   3    4    4    3    4    1    7
  20   2    2   11    1   11
  21   2    2   14    1   14
  22   4    1    3    3    3    2    3    4    3
  23   1    4    6
  24   1    1   27
  25   3    2    4    3    4    2    6
  26   2    1    9    3    9
  27   4    3    4    3    4    2    4    1    5
  28   3    2    8    2    8    2   13
  29   4    1    3    2    3    4    3    4    4
  30   4    1    5    2    5    4    5    3    7
