Instance: E030-04s.DAT
Class:  3
   29 --- number of customers (no depot)
    7 --- number of vehicles
    8 --- number of stacks on the vehicle
   62 --- number of items
Capacity of the vehicle - height of each stacks
    900    10
Node - x - y - demand
    0   162.0   354.0    0.0
    1   218.0   382.0   82.0
    2   218.0   358.0   56.0
    3   201.0   370.0   50.0
    4   214.0   371.0   69.0
    5   224.0   370.0   70.0
    6   210.0   382.0   78.0
    7   104.0   354.0   59.0
    8   126.0   338.0   44.0
    9   119.0   340.0   58.0
   10   129.0   349.0   52.0
   11   126.0   347.0   36.0
   12   125.0   346.0   28.0
   13   116.0   355.0   23.0
   14   126.0   335.0   43.0
   15   125.0   355.0   44.0
   16   119.0   357.0   67.0
   17   115.0   341.0   26.0
   18   153.0   351.0   52.0
   19   175.0   363.0   48.0
   20   180.0   360.0   54.0
   21   159.0   331.0   30.0
   22   188.0   357.0   27.0
   23   152.0   349.0   68.0
   24   215.0   389.0   78.0
   25   212.0   394.0   81.0
   26   188.0   393.0   71.0
   27   207.0   406.0   75.0
   28   184.0   410.0   77.0
   29   207.0   392.0   78.0
Node - number of items - height and weight for each item
   0   0
   1   2    1   36    2   46
   2   1    3   56
   3   3    1   15    4   20    1   15
   4   3    3   20    4   27    3   22
   5   1    2   70
   6   1    4   78
   7   3    1   17    3   23    4   19
   8   2    4   19    2   25
   9   2    2   26    2   32
  10   2    4   23    1   29
  11   1    3   36
  12   3    4    8    3   11    3    9
  13   1    1   23
  14   3    4   12    1   17    4   14
  15   1    4   44
  16   2    4   30    3   37
  17   1    1   26
  18   3    4   15    3   20    2   17
  19   1    1   48
  20   3    1   16    3   21    4   17
  21   3    4    9    1   12    2    9
  22   3    4    8    4   10    4    9
  23   3    4   20    2   27    2   21
  24   2    1   35    4   43
  25   2    3   36    1   45
  26   3    2   21    1   28    2   22
  27   3    1   22    1   30    3   23
  28   3    2   23    4   30    4   24
  29   1    1   78
