Instance: E256-14k.dat
Class:  3
  255 --- number of customers (no depot)
   51 --- number of vehicles
    8 --- number of stacks on the vehicle
  511 --- number of items
Capacity of the vehicle - height of each stacks
    900    10
Node - x - y - demand
    0     0.0   -15.0    0.0
    1    -1.0   -14.0   50.0
    2     1.0   -14.0   50.0
    3    -2.0   -13.0   50.0
    4     0.0   -13.0   50.0
    5     2.0   -13.0   50.0
    6    -3.0   -12.0   50.0
    7    -1.0   -12.0   50.0
    8     1.0   -12.0   50.0
    9     3.0   -12.0   50.0
   10    -4.0   -11.0   50.0
   11    -2.0   -11.0   50.0
   12     0.0   -11.0   50.0
   13     2.0   -11.0   25.0
   14     4.0   -11.0   25.0
   15    -5.0   -10.0   25.0
   16    -3.0   -10.0   25.0
   17    -1.0   -10.0   25.0
   18     1.0   -10.0   25.0
   19     3.0   -10.0   25.0
   20     5.0   -10.0   25.0
   21    -6.0    -9.0   25.0
   22    -4.0    -9.0   25.0
   23    -2.0    -9.0   25.0
   24     0.0    -9.0   25.0
   25     2.0    -9.0   25.0
   26     4.0    -9.0   25.0
   27     6.0    -9.0   25.0
   28    -7.0    -8.0   25.0
   29    -5.0    -8.0   25.0
   30    -3.0    -8.0   25.0
   31    -1.0    -8.0   25.0
   32     1.0    -8.0   25.0
   33     3.0    -8.0   40.0
   34     5.0    -8.0   40.0
   35     7.0    -8.0   40.0
   36    -8.0    -7.0   40.0
   37    -6.0    -7.0   40.0
   38    -4.0    -7.0   40.0
   39    -2.0    -7.0   40.0
   40     0.0    -7.0   40.0
   41     2.0    -7.0   40.0
   42     4.0    -7.0   40.0
   43     6.0    -7.0   40.0
   44     8.0    -7.0   40.0
   45    -9.0    -6.0   40.0
   46    -7.0    -6.0   40.0
   47    -5.0    -6.0   40.0
   48    -3.0    -6.0   40.0
   49    -1.0    -6.0   40.0
   50     1.0    -6.0   40.0
   51     3.0    -6.0   40.0
   52     5.0    -6.0   40.0
   53     7.0    -6.0   40.0
   54     9.0    -6.0   40.0
   55   -10.0    -5.0   40.0
   56    -8.0    -5.0   40.0
   57    -6.0    -5.0   40.0
   58    -4.0    -5.0   40.0
   59    -2.0    -5.0   40.0
   60     0.0    -5.0   40.0
   61     2.0    -5.0   30.0
   62     4.0    -5.0   30.0
   63     6.0    -5.0   30.0
   64     8.0    -5.0   30.0
   65    10.0    -5.0   30.0
   66   -11.0    -4.0   30.0
   67    -9.0    -4.0   30.0
   68    -7.0    -4.0   30.0
   69    -5.0    -4.0   30.0
   70    -3.0    -4.0   30.0
   71    -1.0    -4.0   30.0
   72     1.0    -4.0   30.0
   73     3.0    -4.0   30.0
   74     5.0    -4.0   30.0
   75     7.0    -4.0   30.0
   76     9.0    -4.0   30.0
   77    11.0    -4.0   30.0
   78   -12.0    -3.0   30.0
   79   -10.0    -3.0   30.0
   80    -8.0    -3.0   30.0
   81    -6.0    -3.0   30.0
   82    -4.0    -3.0   30.0
   83    -2.0    -3.0   30.0
   84     0.0    -3.0   30.0
   85     2.0    -3.0   30.0
   86     4.0    -3.0   30.0
   87     6.0    -3.0   30.0
   88     8.0    -3.0   30.0
   89    10.0    -3.0   30.0
   90    12.0    -3.0   30.0
   91   -13.0    -2.0   30.0
   92   -11.0    -2.0   30.0
   93    -9.0    -2.0   30.0
   94    -7.0    -2.0   30.0
   95    -5.0    -2.0   30.0
   96    -3.0    -2.0   30.0
   97    -1.0    -2.0   21.0
   98     1.0    -2.0   21.0
   99     3.0    -2.0   21.0
  100     5.0    -2.0   21.0
  101     7.0    -2.0   21.0
  102     9.0    -2.0   21.0
  103    11.0    -2.0   21.0
  104    13.0    -2.0   21.0
  105   -14.0    -1.0   21.0
  106   -12.0    -1.0   21.0
  107   -10.0    -1.0   21.0
  108    -8.0    -1.0   21.0
  109    -6.0    -1.0   21.0
  110    -4.0    -1.0   21.0
  111    -2.0    -1.0   21.0
  112     0.0    -1.0   21.0
  113     2.0    -1.0   21.0
  114     4.0    -1.0   21.0
  115     6.0    -1.0   21.0
  116     8.0    -1.0   21.0
  117    10.0    -1.0   21.0
  118    12.0    -1.0   21.0
  119    14.0    -1.0   21.0
  120   -15.0     0.0   21.0
  121   -13.0     0.0   21.0
  122   -11.0     0.0   21.0
  123    -9.0     0.0   21.0
  124    -7.0     0.0   21.0
  125    -5.0     0.0   21.0
  126    -3.0     0.0   21.0
  127    -1.0     0.0   21.0
  128     1.0     0.0   21.0
  129     3.0     0.0   21.0
  130     5.0     0.0   21.0
  131     7.0     0.0   21.0
  132     9.0     0.0   21.0
  133    11.0     0.0   21.0
  134    13.0     0.0   21.0
  135    15.0     0.0   21.0
  136   -14.0     1.0   21.0
  137   -12.0     1.0   21.0
  138   -10.0     1.0   21.0
  139    -8.0     1.0   21.0
  140    -6.0     1.0   21.0
  141    -4.0     1.0   15.0
  142    -2.0     1.0   15.0
  143     0.0     1.0   15.0
  144     2.0     1.0   15.0
  145     4.0     1.0   15.0
  146     6.0     1.0   15.0
  147     8.0     1.0   15.0
  148    10.0     1.0   15.0
  149    12.0     1.0   15.0
  150    14.0     1.0   15.0
  151   -13.0     2.0   15.0
  152   -11.0     2.0   15.0
  153    -9.0     2.0   15.0
  154    -7.0     2.0   15.0
  155    -5.0     2.0   15.0
  156    -3.0     2.0   15.0
  157    -1.0     2.0   15.0
  158     1.0     2.0   15.0
  159     3.0     2.0   15.0
  160     5.0     2.0   15.0
  161     7.0     2.0   15.0
  162     9.0     2.0   15.0
  163    11.0     2.0   15.0
  164    13.0     2.0   15.0
  165   -12.0     3.0   15.0
  166   -10.0     3.0   15.0
  167    -8.0     3.0   15.0
  168    -6.0     3.0   15.0
  169    -4.0     3.0   15.0
  170    -2.0     3.0   15.0
  171     0.0     3.0   15.0
  172     2.0     3.0   15.0
  173     4.0     3.0   15.0
  174     6.0     3.0   15.0
  175     8.0     3.0   15.0
  176    10.0     3.0   15.0
  177    12.0     3.0   15.0
  178   -11.0     4.0   15.0
  179    -9.0     4.0   15.0
  180    -7.0     4.0   15.0
  181    -5.0     4.0   15.0
  182    -3.0     4.0   15.0
  183    -1.0     4.0   15.0
  184     1.0     4.0   15.0
  185     3.0     4.0   15.0
  186     5.0     4.0   15.0
  187     7.0     4.0   15.0
  188     9.0     4.0   15.0
  189    11.0     4.0   15.0
  190   -10.0     5.0   15.0
  191    -8.0     5.0   15.0
  192    -6.0     5.0   15.0
  193    -4.0     5.0   10.0
  194    -2.0     5.0   10.0
  195     0.0     5.0   10.0
  196     2.0     5.0   10.0
  197     4.0     5.0   10.0
  198     6.0     5.0   10.0
  199     8.0     5.0   10.0
  200    10.0     5.0   10.0
  201    -9.0     6.0   10.0
  202    -7.0     6.0   10.0
  203    -5.0     6.0   10.0
  204    -3.0     6.0   10.0
  205    -1.0     6.0   10.0
  206     1.0     6.0   10.0
  207     3.0     6.0   10.0
  208     5.0     6.0   10.0
  209     7.0     6.0   10.0
  210     9.0     6.0   10.0
  211    -8.0     7.0   10.0
  212    -6.0     7.0   10.0
  213    -4.0     7.0   10.0
  214    -2.0     7.0   10.0
  215     0.0     7.0   10.0
  216     2.0     7.0   10.0
  217     4.0     7.0   10.0
  218     6.0     7.0   10.0
  219     8.0     7.0   10.0
  220    -7.0     8.0   10.0
  221    -5.0     8.0   10.0
  222    -3.0     8.0   10.0
  223    -1.0     8.0   10.0
  224     1.0     8.0   10.0
  225     3.0     8.0   10.0
  226     5.0     8.0   10.0
  227     7.0     8.0   10.0
  228    -6.0     9.0   10.0
  229    -4.0     9.0   10.0
  230    -2.0     9.0   10.0
  231     0.0     9.0   10.0
  232     2.0     9.0   10.0
  233     4.0     9.0   10.0
  234     6.0     9.0   10.0
  235    -5.0    10.0   10.0
  236    -3.0    10.0   10.0
  237    -1.0    10.0   10.0
  238     1.0    10.0   10.0
  239     3.0    10.0   10.0
  240     5.0    10.0   10.0
  241    -4.0    11.0   10.0
  242    -2.0    11.0   10.0
  243     0.0    11.0   10.0
  244     2.0    11.0   10.0
  245     4.0    11.0   10.0
  246    -3.0    12.0   10.0
  247    -1.0    12.0   10.0
  248     1.0    12.0   10.0
  249     3.0    12.0   10.0
  250    -2.0    13.0   10.0
  251     0.0    13.0   10.0
  252     2.0    13.0   10.0
  253    -1.0    14.0   10.0
  254     1.0    14.0   10.0
  255     0.0    15.0   10.0
Node - number of items - height and weight for each item
   0   0
   1   3    3   15    2   20    3   15
   2   2    3   22    4   28
   3   3    4   15    4   20    2   15
   4   3    3   15    4   20    2   15
   5   3    2   15    4   20    3   15
   6   1    3   50
   7   2    4   22    1   28
   8   2    2   22    2   28
   9   3    3   15    2   20    2   15
  10   2    4   22    3   28
  11   2    4   22    3   28
  12   3    4   15    2   20    3   15
  13   1    2   25
  14   2    2   11    4   14
  15   3    4    7    1   10    4    8
  16   1    1   25
  17   3    4    7    3   10    4    8
  18   1    4   25
  19   2    3   11    4   14
  20   3    4    7    2   10    3    8
  21   2    2   11    4   14
  22   2    1   11    1   14
  23   2    1   11    4   14
  24   3    3    7    4   10    4    8
  25   1    2   25
  26   1    2   25
  27   2    3   11    4   14
  28   2    4   11    4   14
  29   2    1   11    4   14
  30   1    1   25
  31   1    2   25
  32   1    3   25
  33   2    2   18    4   22
  34   3    1   12    2   16    1   12
  35   3    1   12    1   16    2   12
  36   2    4   18    1   22
  37   1    2   40
  38   3    2   12    1   16    4   12
  39   2    3   18    1   22
  40   2    2   18    1   22
  41   1    1   40
  42   1    4   40
  43   1    4   40
  44   3    4   12    4   16    4   12
  45   1    4   40
  46   2    2   18    3   22
  47   1    3   40
  48   3    3   12    2   16    2   12
  49   1    2   40
  50   3    4   12    3   16    3   12
  51   2    2   18    1   22
  52   2    3   18    2   22
  53   3    4   12    3   16    2   12
  54   2    2   18    1   22
  55   2    2   18    2   22
  56   2    3   18    1   22
  57   3    4   12    1   16    1   12
  58   3    2   12    3   16    3   12
  59   1    4   40
  60   1    1   40
  61   3    4    9    1   12    2    9
  62   2    1   13    3   17
  63   3    2    9    3   12    3    9
  64   2    4   13    2   17
  65   1    3   30
  66   1    4   30
  67   3    4    9    1   12    1    9
  68   1    4   30
  69   1    1   30
  70   2    1   13    2   17
  71   3    3    9    2   12    2    9
  72   3    3    9    3   12    3    9
  73   3    4    9    3   12    2    9
  74   3    4    9    2   12    4    9
  75   2    4   13    3   17
  76   1    2   30
  77   3    1    9    2   12    3    9
  78   3    1    9    4   12    4    9
  79   2    2   13    4   17
  80   2    2   13    4   17
  81   2    2   13    3   17
  82   2    3   13    4   17
  83   1    3   30
  84   2    1   13    2   17
  85   2    2   13    4   17
  86   2    4   13    4   17
  87   2    1   13    1   17
  88   1    3   30
  89   3    4    9    3   12    3    9
  90   2    1   13    3   17
  91   3    2    9    2   12    4    9
  92   1    4   30
  93   3    3    9    3   12    1    9
  94   1    3   30
  95   2    1   13    1   17
  96   2    2   13    2   17
  97   1    1   21
  98   2    2    9    1   12
  99   2    1    9    2   12
 100   1    1   21
 101   3    3    6    2    8    4    7
 102   1    2   21
 103   2    1    9    3   12
 104   3    1    6    3    8    1    7
 105   1    2   21
 106   3    3    6    2    8    4    7
 107   1    1   21
 108   1    2   21
 109   1    1   21
 110   1    3   21
 111   1    4   21
 112   2    4    9    4   12
 113   1    4   21
 114   3    3    6    4    8    1    7
 115   1    2   21
 116   2    4    9    1   12
 117   3    4    6    4    8    1    7
 118   2    3    9    2   12
 119   3    1    6    2    8    2    7
 120   3    4    6    4    8    2    7
 121   3    1    6    4    8    2    7
 122   1    2   21
 123   2    4    9    3   12
 124   3    4    6    2    8    2    7
 125   2    3    9    3   12
 126   3    3    6    1    8    2    7
 127   1    1   21
 128   1    4   21
 129   2    3    9    4   12
 130   3    2    6    1    8    2    7
 131   1    2   21
 132   2    3    9    1   12
 133   3    3    6    3    8    1    7
 134   1    2   21
 135   1    4   21
 136   3    3    6    1    8    3    7
 137   2    1    9    2   12
 138   2    3    9    1   12
 139   1    3   21
 140   1    2   21
 141   3    4    4    2    6    4    5
 142   3    4    4    1    6    2    5
 143   2    2    6    1    9
 144   3    1    4    2    6    4    5
 145   2    3    6    2    9
 146   2    3    6    1    9
 147   2    1    6    2    9
 148   3    3    4    2    6    3    5
 149   3    3    4    3    6    1    5
 150   3    3    4    1    6    4    5
 151   1    3   15
 152   1    1   15
 153   1    3   15
 154   3    1    4    4    6    4    5
 155   1    1   15
 156   2    1    6    1    9
 157   2    1    6    4    9
 158   2    1    6    3    9
 159   2    4    6    2    9
 160   2    2    6    1    9
 161   1    1   15
 162   2    4    6    4    9
 163   1    1   15
 164   3    4    4    2    6    1    5
 165   1    3   15
 166   2    3    6    2    9
 167   1    3   15
 168   1    3   15
 169   1    3   15
 170   3    3    4    3    6    2    5
 171   3    2    4    2    6    4    5
 172   3    2    4    1    6    2    5
 173   3    3    4    1    6    2    5
 174   3    4    4    1    6    3    5
 175   2    3    6    2    9
 176   3    2    4    3    6    4    5
 177   1    2   15
 178   3    3    4    4    6    4    5
 179   3    2    4    2    6    4    5
 180   1    3   15
 181   1    2   15
 182   3    3    4    4    6    4    5
 183   2    3    6    3    9
 184   3    1    4    1    6    1    5
 185   2    1    6    3    9
 186   2    4    6    3    9
 187   1    1   15
 188   3    4    4    2    6    2    5
 189   1    4   15
 190   2    3    6    3    9
 191   2    1    6    3    9
 192   2    1    6    4    9
 193   2    3    4    3    6
 194   1    4   10
 195   1    4   10
 196   3    2    3    1    4    3    3
 197   1    2   10
 198   2    3    4    4    6
 199   2    1    4    1    6
 200   2    1    4    4    6
 201   2    1    4    1    6
 202   3    3    3    3    4    1    3
 203   1    2   10
 204   3    4    3    1    4    1    3
 205   2    2    4    1    6
 206   2    4    4    3    6
 207   2    4    4    2    6
 208   1    1   10
 209   1    1   10
 210   2    2    4    4    6
 211   1    2   10
 212   2    2    4    2    6
 213   1    2   10
 214   1    4   10
 215   3    1    3    1    4    2    3
 216   3    4    3    2    4    3    3
 217   3    2    3    1    4    2    3
 218   3    3    3    4    4    4    3
 219   3    1    3    2    4    2    3
 220   1    4   10
 221   2    2    4    2    6
 222   2    1    4    3    6
 223   3    3    3    1    4    1    3
 224   2    1    4    1    6
 225   2    1    4    4    6
 226   3    3    3    2    4    2    3
 227   3    3    3    2    4    1    3
 228   1    3   10
 229   1    2   10
 230   1    1   10
 231   2    3    4    2    6
 232   3    2    3    4    4    4    3
 233   2    2    4    1    6
 234   1    3   10
 235   3    3    3    1    4    4    3
 236   3    3    3    1    4    1    3
 237   2    3    4    3    6
 238   2    2    4    2    6
 239   3    2    3    1    4    2    3
 240   2    3    4    3    6
 241   3    2    3    4    4    2    3
 242   1    4   10
 243   1    3   10
 244   3    1    3    4    4    3    3
 245   1    2   10
 246   3    3    3    1    4    3    3
 247   2    4    4    2    6
 248   3    3    3    4    4    4    3
 249   3    3    3    2    4    2    3
 250   1    4   10
 251   1    3   10
 252   3    3    3    2    4    3    3
 253   1    2   10
 254   1    1   10
 255   1    2   10
