Instance: E033-05s.dat
Class:  1
   32 --- number of customers (no depot)
    5 --- number of vehicles
    8 --- number of stacks on the vehicle
   32 --- number of items
Capacity of the vehicle - height of each stacks
    900    10
Node - x - y - demand
    0   292.0   495.0    0.0
    1   298.0   427.0  102.0
    2   309.0   445.0  102.0
    3   307.0   464.0  102.0
    4   336.0   475.0  103.0
    5   320.0   439.0  103.0
    6   321.0   437.0   89.0
    7   322.0   437.0   21.0
    8   323.0   433.0   65.0
    9   324.0   433.0   84.0
   10   323.0   429.0   65.0
   11   314.0   435.0   91.0
   12   311.0   442.0   92.0
   13   304.0   427.0   98.0
   14   293.0   421.0   94.0
   15   296.0   418.0   90.0
   16   261.0   384.0   67.0
   17   297.0   410.0   88.0
   18   315.0   407.0   54.0
   19   314.0   406.0   47.0
   20   321.0   391.0   42.0
   21   321.0   398.0   39.0
   22   314.0   394.0   85.0
   23   313.0   378.0   39.0
   24   304.0   382.0   80.0
   25   295.0   402.0   91.0
   26   283.0   406.0   92.0
   27   279.0   399.0   93.0
   28   271.0   401.0   90.0
   29   264.0   414.0   96.0
   30   277.0   439.0   96.0
   31   290.0   434.0   90.0
   32   319.0   433.0   94.0
Node - number of items - height and weight for each item
   0   0
   1   1    1  102
   2   1    2  102
   3   1    4  102
   4   1    4  103
   5   1    3  103
   6   1    4   89
   7   1    3   21
   8   1    4   65
   9   1    2   84
  10   1    2   65
  11   1    4   91
  12   1    1   92
  13   1    1   98
  14   1    2   94
  15   1    4   90
  16   1    4   67
  17   1    4   88
  18   1    3   54
  19   1    3   47
  20   1    2   42
  21   1    3   39
  22   1    4   85
  23   1    2   39
  24   1    2   80
  25   1    4   91
  26   1    3   92
  27   1    1   93
  28   1    4   90
  29   1    1   96
  30   1    1   96
  31   1    4   90
  32   1    1   94
