Instance: E076-08s.dat
Class:  5
   75 --- number of customers (no depot)
   17 --- number of vehicles
    8 --- number of stacks on the vehicle
  236 --- number of items
Capacity of the vehicle - height of each stacks
    900    10
Node - x - y - demand
    0    40.0    40.0     0.0
    1    22.0    22.0    18.0
    2    36.0    26.0    26.0
    3    21.0    45.0    11.0
    4    45.0    35.0    30.0
    5    55.0    20.0    21.0
    6    33.0    34.0    19.0
    7    50.0    50.0    15.0
    8    55.0    45.0    16.0
    9    26.0    59.0    29.0
   10    40.0    66.0    26.0
   11    55.0    65.0    37.0
   12    35.0    51.0    16.0
   13    62.0    35.0    12.0
   14    62.0    57.0    31.0
   15    62.0    24.0     8.0
   16    21.0    36.0    19.0
   17    33.0    44.0    20.0
   18     9.0    56.0    13.0
   19    62.0    48.0    15.0
   20    66.0    14.0    22.0
   21    44.0    13.0    28.0
   22    26.0    13.0    12.0
   23    11.0    28.0     6.0
   24     7.0    43.0    27.0
   25    17.0    64.0    14.0
   26    41.0    46.0    18.0
   27    55.0    34.0    17.0
   28    35.0    16.0    29.0
   29    52.0    26.0    13.0
   30    43.0    26.0    22.0
   31    31.0    76.0    25.0
   32    22.0    53.0    28.0
   33    26.0    29.0    27.0
   34    50.0    40.0    19.0
   35    55.0    50.0    10.0
   36    54.0    10.0    12.0
   37    60.0    15.0    14.0
   38    47.0    66.0    24.0
   39    30.0    60.0    16.0
   40    30.0    50.0    33.0
   41    12.0    17.0    15.0
   42    15.0    14.0    11.0
   43    16.0    19.0    18.0
   44    21.0    48.0    17.0
   45    50.0    30.0    21.0
   46    51.0    42.0    27.0
   47    50.0    15.0    19.0
   48    48.0    21.0    20.0
   49    12.0    38.0     5.0
   50    15.0    56.0    22.0
   51    29.0    39.0    12.0
   52    54.0    38.0    19.0
   53    55.0    57.0    22.0
   54    67.0    41.0    16.0
   55    10.0    70.0     7.0
   56     6.0    25.0    26.0
   57    65.0    27.0    14.0
   58    40.0    60.0    21.0
   59    70.0    64.0    24.0
   60    64.0     4.0    13.0
   61    36.0     6.0    15.0
   62    30.0    20.0    18.0
   63    20.0    30.0    11.0
   64    15.0     5.0    28.0
   65    50.0    70.0     9.0
   66    57.0    72.0    37.0
   67    45.0    42.0    30.0
   68    38.0    33.0    10.0
   69    50.0     4.0     8.0
   70    66.0     8.0    11.0
   71    59.0     5.0     3.0
   72    35.0    60.0     1.0
   73    27.0    24.0     6.0
   74    40.0    20.0    10.0
   75    40.0    37.0    20.0
Node - number of items - height and weight for each item
   0   0
   1   3    2    5    4    5    4    8
   2   3    2    7    2    7    4   12
   3   2    4    5    3    6
   4   2    1   15    2   15
   5   2    4   10    2   11
   6   3    2    5    1    5    1    9
   7   2    3    7    2    8
   8   5    2    3    3    3    4    3    1    3    3    4
   9   4    3    7    2    7    1    7    3    8
  10   2    3   13    3   13
  11   4    4    9    1    9    2    9    4   10
  12   4    4    4    4    4    2    4    3    4
  13   2    4    6    4    6
  14   4    4    7    4    7    4    7    1   10
  15   5    3    1    4    1    1    1    4    1    4    4
  16   2    2    9    2   10
  17   1    4   20
  18   3    4    3    2    3    3    7
  19   2    3    7    2    8
  20   5    1    4    4    4    1    4    2    4    2    6
  21   5    4    5    4    5    2    5    2    5    2    8
  22   2    1    6    4    6
  23   1    3    6
  24   5    3    5    2    5    4    5    4    5    2    7
  25   1    1   14
  26   2    4    9    2    9
  27   2    1    8    3    9
  28   4    1    7    2    7    4    7    4    8
  29   5    4    2    1    2    2    2    2    2    1    5
  30   3    4    6    2    6    3   10
  31   3    2    7    2    7    4   11
  32   5    1    5    3    5    2    5    1    5    4    8
  33   2    1   13    1   14
  34   4    1    4    3    4    1    4    3    7
  35   2    2    5    3    5
  36   2    2    6    1    6
  37   5    3    2    2    2    1    2    3    2    3    6
  38   1    1   24
  39   3    4    4    3    4    4    8
  40   5    3    6    4    6    2    6    3    6    1    9
  41   2    4    7    1    8
  42   3    4    3    2    3    3    5
  43   4    3    4    1    4    1    4    1    6
  44   5    1    3    4    3    2    3    1    3    2    5
  45   5    2    4    2    4    1    4    3    4    2    5
  46   4    3    6    3    6    2    6    2    9
  47   3    3    5    3    5    3    9
  48   4    2    5    2    5    4    5    3    5
  49   1    3    5
  50   1    2   22
  51   1    3   12
  52   2    1    9    4   10
  53   4    3    5    1    5    1    5    2    7
  54   5    4    3    1    3    3    3    1    3    4    4
  55   4    2    1    3    1    4    1    4    4
  56   3    2    7    2    7    1   12
  57   1    3   14
  58   3    3    6    1    6    2    9
  59   5    3    4    1    4    1    4    3    4    4    8
  60   5    4    2    3    2    2    2    3    2    3    5
  61   3    4    4    3    4    1    7
  62   2    2    9    4    9
  63   3    3    3    3    3    4    5
  64   4    3    7    3    7    4    7    4    7
  65   1    4    9
  66   1    1   37
  67   5    1    6    4    6    1    6    3    6    1    6
  68   3    2    3    2    3    3    4
  69   4    1    2    2    2    1    2    2    2
  70   1    1   11
  71   1    1    3
  72   1    2    1
  73   1    3    6
  74   2    3    5    1    5
  75   4    4    5    2    5    3    5    1    5
