Instance: E151-12b.dat
Class:  3
  150 --- number of customers (no depot)
   30 --- number of vehicles
    8 --- number of stacks on the vehicle
  298 --- number of items
Capacity of the vehicle - height of each stacks
    900    10
Node - x - y - demand
    0    35.0    35.0     0.0
    1    41.0    49.0    10.0
    2    35.0    17.0     7.0
    3    55.0    45.0    13.0
    4    55.0    20.0    19.0
    5    15.0    30.0    26.0
    6    25.0    30.0     3.0
    7    20.0    50.0     5.0
    8    10.0    43.0     9.0
    9    55.0    60.0    16.0
   10    30.0    60.0    16.0
   11    20.0    65.0    12.0
   12    50.0    35.0    19.0
   13    30.0    25.0    23.0
   14    15.0    10.0    20.0
   15    30.0     5.0     8.0
   16    10.0    20.0    19.0
   17     5.0    30.0     2.0
   18    20.0    40.0    12.0
   19    15.0    60.0    17.0
   20    45.0    65.0     9.0
   21    45.0    20.0    11.0
   22    45.0    10.0    18.0
   23    55.0     5.0    29.0
   24    65.0    35.0     3.0
   25    65.0    20.0     6.0
   26    45.0    30.0    17.0
   27    35.0    40.0    16.0
   28    41.0    37.0    16.0
   29    64.0    42.0     9.0
   30    40.0    60.0    21.0
   31    31.0    52.0    27.0
   32    35.0    69.0    23.0
   33    53.0    52.0    11.0
   34    65.0    55.0    14.0
   35    63.0    65.0     8.0
   36     2.0    60.0     5.0
   37    20.0    20.0     8.0
   38     5.0     5.0    16.0
   39    60.0    12.0    31.0
   40    40.0    25.0     9.0
   41    42.0     7.0     5.0
   42    24.0    12.0     5.0
   43    23.0     3.0     7.0
   44    11.0    14.0    18.0
   45     6.0    38.0    16.0
   46     2.0    48.0     1.0
   47     8.0    56.0    27.0
   48    13.0    52.0    36.0
   49     6.0    68.0    30.0
   50    47.0    47.0    13.0
   51    49.0    58.0    10.0
   52    27.0    43.0     9.0
   53    37.0    31.0    14.0
   54    57.0    29.0    18.0
   55    63.0    23.0     2.0
   56    53.0    12.0     6.0
   57    32.0    12.0     7.0
   58    36.0    26.0    18.0
   59    21.0    24.0    28.0
   60    17.0    34.0     3.0
   61    12.0    24.0    13.0
   62    24.0    58.0    19.0
   63    27.0    69.0    10.0
   64    15.0    77.0     9.0
   65    62.0    77.0    20.0
   66    49.0    73.0    25.0
   67    67.0     5.0    25.0
   68    56.0    39.0    36.0
   69    37.0    47.0     6.0
   70    37.0    56.0     5.0
   71    57.0    68.0    15.0
   72    47.0    16.0    25.0
   73    44.0    17.0     9.0
   74    46.0    13.0     8.0
   75    49.0    11.0    18.0
   76    49.0    42.0    13.0
   77    53.0    43.0    14.0
   78    61.0    52.0     3.0
   79    57.0    48.0    23.0
   80    56.0    37.0     6.0
   81    55.0    54.0    26.0
   82    15.0    47.0    16.0
   83    14.0    37.0    11.0
   84    11.0    31.0     7.0
   85    16.0    22.0    41.0
   86     4.0    18.0    35.0
   87    28.0    18.0    26.0
   88    26.0    52.0     9.0
   89    26.0    35.0    15.0
   90    31.0    67.0     3.0
   91    15.0    19.0     1.0
   92    22.0    22.0     2.0
   93    18.0    24.0    22.0
   94    26.0    27.0    27.0
   95    25.0    24.0    20.0
   96    22.0    27.0    11.0
   97    25.0    21.0    12.0
   98    19.0    21.0    10.0
   99    20.0    26.0     9.0
  100    18.0    18.0    17.0
  101    37.0    52.0     7.0
  102    49.0    49.0    30.0
  103    52.0    64.0    16.0
  104    20.0    26.0     9.0
  105    40.0    30.0    21.0
  106    21.0    47.0    15.0
  107    17.0    63.0    19.0
  108    31.0    62.0    23.0
  109    52.0    33.0    11.0
  110    51.0    21.0     5.0
  111    42.0    41.0    19.0
  112    31.0    32.0    29.0
  113     5.0    25.0    23.0
  114    12.0    42.0    21.0
  115    36.0    16.0    10.0
  116    52.0    41.0    15.0
  117    27.0    23.0     3.0
  118    17.0    33.0    41.0
  119    13.0    13.0     9.0
  120    57.0    58.0    28.0
  121    62.0    42.0     8.0
  122    42.0    57.0     8.0
  123    16.0    57.0    16.0
  124     8.0    52.0    10.0
  125     7.0    38.0    28.0
  126    27.0    68.0     7.0
  127    30.0    48.0    15.0
  128    43.0    67.0    14.0
  129    58.0    48.0     6.0
  130    58.0    27.0    19.0
  131    37.0    69.0    11.0
  132    38.0    46.0    12.0
  133    46.0    10.0    23.0
  134    61.0    33.0    26.0
  135    62.0    63.0    17.0
  136    63.0    69.0     6.0
  137    32.0    22.0     9.0
  138    45.0    35.0    15.0
  139    59.0    15.0    14.0
  140     5.0     6.0     7.0
  141    10.0    17.0    27.0
  142    21.0    10.0    13.0
  143     5.0    64.0    11.0
  144    30.0    15.0    16.0
  145    39.0    10.0    10.0
  146    32.0    39.0     5.0
  147    25.0    32.0    25.0
  148    25.0    55.0    17.0
  149    48.0    28.0    18.0
  150    56.0    37.0    10.0
Node - number of items - height and weight for each item
   0   0
   1   1    2   10
   2   1    2    7
   3   2    1    6    2    7
   4   2    2    9    1   10
   5   3    3    7    3    7    3   12
   6   1    1    3
   7   1    1    5
   8   3    2    2    3    2    3    5
   9   1    2   16
  10   2    3    8    1    8
  11   2    2    6    3    6
  12   1    4   19
  13   3    2    6    1    6    4   11
  14   1    1   20
  15   2    3    4    4    4
  16   2    2    9    1   10
  17   1    1    2
  18   2    3    6    4    6
  19   1    4   17
  20   3    2    2    2    2    3    5
  21   1    1   11
  22   2    2    9    3    9
  23   2    2   14    2   15
  24   1    4    3
  25   1    1    6
  26   2    2    8    1    9
  27   3    4    4    3    4    1    8
  28   1    2   16
  29   3    1    2    1    2    1    5
  30   3    2    6    3    6    4    9
  31   1    4   27
  32   1    2   23
  33   3    4    3    3    3    1    5
  34   2    4    7    2    7
  35   3    1    2    1    2    1    4
  36   1    2    5
  37   3    2    2    4    2    4    4
  38   2    4    8    2    8
  39   1    1   31
  40   2    2    4    4    5
  41   1    3    5
  42   1    1    5
  43   1    2    7
  44   2    3    9    1    9
  45   1    2   16
  46   1    3    1
  47   3    4    8    2    8    2   11
  48   1    4   36
  49   1    4   30
  50   3    4    3    4    3    3    7
  51   1    4   10
  52   1    4    9
  53   3    1    4    1    4    3    6
  54   3    1    5    4    5    4    8
  55   1    3    2
  56   1    4    6
  57   2    3    3    2    4
  58   3    4    5    4    5    4    8
  59   3    2    8    2    8    1   12
  60   1    4    3
  61   2    1    6    2    7
  62   3    1    5    1    5    2    9
  63   3    4    3    3    3    2    4
  64   2    1    4    3    5
  65   3    4    6    3    6    4    8
  66   1    2   25
  67   3    2    7    2    7    3   11
  68   2    2   18    2   18
  69   1    1    6
  70   1    2    5
  71   2    4    7    1    8
  72   1    1   25
  73   2    4    4    4    5
  74   2    3    4    3    4
  75   3    2    5    2    5    1    8
  76   3    4    3    1    3    4    7
  77   2    3    7    2    7
  78   1    4    3
  79   3    4    6    3    6    1   11
  80   1    2    6
  81   1    4   26
  82   3    3    4    3    4    2    8
  83   1    3   11
  84   2    1    3    4    4
  85   2    3   20    1   21
  86   1    2   35
  87   1    4   26
  88   2    2    4    2    5
  89   3    2    4    2    4    2    7
  90   1    2    3
  91   1    2    1
  92   1    1    2
  93   1    4   22
  94   2    1   13    1   14
  95   3    1    6    2    6    2    8
  96   3    3    3    1    3    1    5
  97   3    1    3    2    3    2    6
  98   3    2    3    1    3    3    4
  99   2    2    4    1    5
 100   1    2   17
 101   2    1    3    2    4
 102   2    4   15    3   15
 103   1    4   16
 104   1    1    9
 105   3    1    6    3    6    1    9
 106   1    2   15
 107   1    3   19
 108   2    2   11    4   12
 109   2    3    5    2    6
 110   1    2    5
 111   3    3    5    3    5    2    9
 112   3    3    8    1    8    1   13
 113   1    4   23
 114   1    2   21
 115   2    4    5    2    5
 116   1    2   15
 117   1    4    3
 118   1    3   41
 119   2    1    4    4    5
 120   3    3    8    2    8    1   12
 121   1    3    8
 122   1    1    8
 123   3    4    4    3    4    3    8
 124   3    1    3    4    3    4    4
 125   3    3    8    2    8    3   12
 126   1    1    7
 127   3    4    4    1    4    1    7
 128   1    2   14
 129   1    3    6
 130   2    3    9    1   10
 131   3    3    3    2    3    3    5
 132   1    2   12
 133   1    1   23
 134   1    1   26
 135   1    4   17
 136   1    3    6
 137   3    4    2    3    2    2    5
 138   1    1   15
 139   3    1    4    4    4    1    6
 140   2    2    3    3    4
 141   2    3   13    3   14
 142   3    2    3    2    3    4    7
 143   3    4    3    2    3    3    5
 144   3    3    4    3    4    1    8
 145   1    1   10
 146   1    1    5
 147   2    2   12    3   13
 148   1    3   17
 149   2    2    9    4    9
 150   3    2    3    3    3    4    4
