Instance: E022-04g.dat
Class:  1
   21 --- number of customers (no depot)
    4 --- number of vehicles
    8 --- number of stacks on the vehicle
   21 --- number of items
Capacity of the vehicle - height of each stacks
    900    10
Node - x - y - demand
    0   145.0   215.0    0.0
    1   151.0   264.0   57.0
    2   159.0   261.0   99.0
    3   130.0   254.0   73.0
    4   128.0   252.0   98.0
    5   163.0   247.0   70.0
    6   146.0   246.0  112.0
    7   161.0   242.0   94.0
    8   142.0   239.0   58.0
    9   163.0   236.0   93.0
   10   148.0   232.0   79.0
   11   128.0   231.0   30.0
   12   156.0   217.0   65.0
   13   129.0   214.0   72.0
   14   146.0   208.0   92.0
   15   164.0   208.0   57.0
   16   141.0   206.0  103.0
   17   147.0   193.0  107.0
   18   164.0   193.0  109.0
   19   129.0   189.0  100.0
   20   155.0   185.0  112.0
   21   139.0   182.0  103.0
Node - number of items - height and weight for each item
   0   0
   1   1    3   57
   2   1    1   99
   3   1    3   73
   4   1    2   98
   5   1    3   70
   6   1    4  112
   7   1    2   94
   8   1    2   58
   9   1    4   93
  10   1    2   79
  11   1    3   30
  12   1    1   65
  13   1    1   72
  14   1    3   92
  15   1    4   57
  16   1    2  103
  17   1    2  107
  18   1    3  109
  19   1    3  100
  20   1    4  112
  21   1    4  103
