Instance: E031-09h.dat
Class:  1
   30 --- number of customers (no depot)
    9 --- number of vehicles
    8 --- number of stacks on the vehicle
   30 --- number of items
Capacity of the vehicle - height of each stacks
    900    10
Node - x - y - demand
    0    40.0    40.0     0.0
    1    22.0    22.0    18.0
    2    36.0    26.0    26.0
    3    21.0    45.0    11.0
    4    45.0    35.0    30.0
    5    55.0    20.0    21.0
    6    33.0    34.0    19.0
    7    50.0    50.0    15.0
    8    55.0    45.0    16.0
    9    26.0    59.0    29.0
   10    40.0    66.0    26.0
   11    55.0    65.0    37.0
   12    35.0    51.0    16.0
   13    62.0    35.0    12.0
   14    62.0    57.0    31.0
   15    62.0    24.0     8.0
   16    21.0    36.0    19.0
   17    33.0    44.0    20.0
   18     9.0    56.0    13.0
   19    62.0    48.0    15.0
   20    66.0    14.0    22.0
   21    44.0    13.0    28.0
   22    26.0    13.0    12.0
   23    11.0    28.0     6.0
   24     7.0    43.0    27.0
   25    17.0    64.0    14.0
   26    41.0    46.0    18.0
   27    55.0    34.0    17.0
   28    35.0    16.0    29.0
   29    52.0    26.0    13.0
   30    43.0    26.0    22.0
Node - number of items - height and weight for each item
   0   0
   1   1    1   18
   2   1    2   26
   3   1    3   11
   4   1    1   30
   5   1    4   21
   6   1    1   19
   7   1    3   15
   8   1    4   16
   9   1    3   29
  10   1    2   26
  11   1    4   37
  12   1    1   16
  13   1    3   12
  14   1    4   31
  15   1    4    8
  16   1    2   19
  17   1    2   20
  18   1    2   13
  19   1    4   15
  20   1    1   22
  21   1    3   28
  22   1    4   12
  23   1    3    6
  24   1    3   27
  25   1    1   14
  26   1    4   18
  27   1    1   17
  28   1    4   29
  29   1    4   13
  30   1    4   22
