Instance: E045-04f.dat
Class:  1
   44 --- number of customers (no depot)
    4 --- number of vehicles
    8 --- number of stacks on the vehicle
   44 --- number of items
Capacity of the vehicle - height of each stacks
    900    10
Node - x - y - demand
    0     0.0     0.0    0.0
    1     3.0     5.0   47.0
    2     2.5     9.0   44.0
    3    48.0    16.0   44.0
    4    48.0    17.0   43.0
    5    69.0    16.0   40.0
    6    70.0    16.0   47.0
    7    64.0    13.0   49.0
    8     3.0   -22.0   49.0
    9     2.5     1.0   49.0
   10   -13.0    11.5   44.0
   11   -20.0    45.0   14.0
   12    -9.0    52.0   21.0
   13    -8.5    53.0   22.0
   14    -8.0    52.0   29.0
   15     2.0     2.0   24.0
   16    -2.0     9.0   17.0
   17   -10.0    20.0   33.0
   18   -20.0    19.0   10.0
   19   -15.0   -21.0   29.0
   20    -5.0    -9.0   40.0
   21    -4.5    -9.0   21.0
   22   -52.0   -36.0   19.0
   23   -53.0   -36.0   19.0
   24     0.0     0.0   23.0
   25   -30.0   -18.0    7.0
   26   -51.0   -35.0   33.0
   27    81.0     9.0   50.0
   28    84.0   -99.0    7.0
   29    82.0    -6.0   15.0
   30    40.0   -12.0   12.0
   31    50.0    -7.0   41.0
   32    51.0    -8.0   33.0
   33    63.0   -17.0   30.0
   34    45.0    -1.0   38.0
   35    54.0     8.5   37.0
   36    29.0     4.0   36.0
   37    21.0     3.0   52.0
   38    22.0     2.0   54.0
   39    39.0    -3.0   51.0
   40    39.5    -3.0   54.0
   41    40.0   -11.0   46.0
   42    28.0    -2.0   42.0
   43    24.0   -18.0   45.0
   44    24.0   -19.0   40.0
Node - number of items - height and weight for each item
   0   0
   1   1    4   47
   2   1    3   44
   3   1    4   44
   4   1    3   43
   5   1    1   40
   6   1    3   47
   7   1    3   49
   8   1    1   49
   9   1    2   49
  10   1    2   44
  11   1    4   14
  12   1    1   21
  13   1    4   22
  14   1    1   29
  15   1    4   24
  16   1    2   17
  17   1    2   33
  18   1    4   10
  19   1    1   29
  20   1    3   40
  21   1    2   21
  22   1    1   19
  23   1    1   19
  24   1    1   23
  25   1    3    7
  26   1    1   33
  27   1    2   50
  28   1    3    7
  29   1    2   15
  30   1    2   12
  31   1    1   41
  32   1    2   33
  33   1    2   30
  34   1    1   38
  35   1    2   37
  36   1    4   36
  37   1    4   52
  38   1    1   54
  39   1    2   51
  40   1    2   54
  41   1    3   46
  42   1    4   42
  43   1    4   45
  44   1    2   40
