Instance: E023-05s.DAT
Class:  4
   22 --- number of customers (no depot)
    5 --- number of vehicles
    8 --- number of stacks on the vehicle
   48 --- number of items
Capacity of the vehicle - height of each stacks
    900    10
Node - x - y - demand
    0   266.0   235.0    0.0
    1   295.0   272.0  116.0
    2   301.0   258.0  131.0
    3   309.0   260.0  132.0
    4   217.0   274.0  116.0
    5   218.0   278.0  121.0
    6   282.0   267.0   68.0
    7   242.0   249.0   13.0
    8   230.0   262.0   86.0
    9   249.0   268.0   60.0
   10   256.0   267.0   44.0
   11   265.0   257.0   56.0
   12   267.0   242.0   75.0
   13   259.0   265.0   68.0
   14   315.0   233.0   50.0
   15   329.0   252.0   65.0
   16   318.0   252.0   58.0
   17   329.0   224.0   45.0
   18   267.0   213.0   47.0
   19   275.0   192.0  108.0
   20   303.0   201.0  109.0
   21   208.0   217.0  109.0
   22   326.0   181.0  124.0
Node - number of items - height and weight for each item
   0   0
   1   3    2   34    2   46    3   36
   2   4    1   32    1   26    3   45    2   28
   3   2    3   59    3   73
   4   2    2   52    4   64
   5   2    1   54    4   67
   6   3    2   20    4   27    4   21
   7   1    4   13
   8   1    4   86
   9   2    1   27    1   33
  10   4    4   11    3    8    1   15    1   10
  11   1    2   56
  12   2    1   33    4   42
  13   2    4   30    3   38
  14   4    3   12    2   10    4   17    1   11
  15   4    4   16    4   13    2   22    1   14
  16   1    2   58
  17   1    1   45
  18   3    1   14    3   18    2   15
  19   1    4  108
  20   1    1  109
  21   2    4   49    1   60
  22   2    4   55    2   69
