Instance: E033-04g.dat
Class:  2
   32 --- number of customers (no depot)
    7 --- number of vehicles
    8 --- number of stacks on the vehicle
   47 --- number of items
Capacity of the vehicle - height of each stacks
    900    10
Node - x - y - demand
    0   292.0   495.0    0.0
    1   298.0   427.0   74.0
    2   309.0   445.0   70.0
    3   307.0   464.0   73.0
    4   336.0   475.0   73.0
    5   320.0   439.0   73.0
    6   321.0   437.0   36.0
    7   322.0   437.0   15.0
    8   323.0   433.0   15.0
    9   324.0   433.0   63.0
   10   323.0   429.0   55.0
   11   314.0   435.0   64.0
   12   311.0   442.0   67.0
   13   304.0   427.0   66.0
   14   293.0   421.0   61.0
   15   296.0   418.0   66.0
   16   261.0   384.0   30.0
   17   297.0   410.0   69.0
   18   315.0   407.0   59.0
   19   314.0   406.0   38.0
   20   321.0   391.0   44.0
   21   321.0   398.0   52.0
   22   314.0   394.0   68.0
   23   313.0   378.0   54.0
   24   304.0   382.0   44.0
   25   295.0   402.0   59.0
   26   283.0   406.0   68.0
   27   279.0   399.0   51.0
   28   271.0   401.0   66.0
   29   264.0   414.0   65.0
   30   277.0   439.0   60.0
   31   290.0   434.0   65.0
   32   319.0   433.0   64.0
Node - number of items - height and weight for each item
   0   0
   1   1    1   74
   2   1    2   70
   3   1    4   73
   4   2    4   32    3   41
   5   1    4   73
   6   1    3   36
   7   2    4    6    2    9
   8   2    2    6    4    9
   9   2    1   28    1   35
  10   1    2   55
  11   1    4   64
  12   1    4   67
  13   1    4   66
  14   1    3   61
  15   1    3   66
  16   2    2   13    3   17
  17   2    4   31    2   38
  18   2    2   26    4   33
  19   1    3   38
  20   1    1   44
  21   1    4   52
  22   2    1   30    1   38
  23   1    4   54
  24   2    1   19    3   25
  25   1    2   59
  26   2    4   30    1   38
  27   1    1   51
  28   2    4   29    3   37
  29   2    3   29    4   36
  30   2    3   27    4   33
  31   2    3   29    4   36
  32   2    4   28    3   36
