Instance: E253-27k.dat
Class:  3
  252 --- number of customers (no depot)
   50 --- number of vehicles
    8 --- number of stacks on the vehicle
  507 --- number of items
Capacity of the vehicle - height of each stacks
    900    10
Node - x - y - demand
    0     0.0     0.0    0.0
    1     3.0     1.0   50.0
    2     3.0     3.0   50.0
    3     1.0     3.0   50.0
    4    -1.0     3.0   50.0
    5    -3.0     3.0   50.0
    6    -3.0     1.0   50.0
    7    -3.0    -1.0   50.0
    8    -3.0    -3.0   50.0
    9    -1.0    -3.0   50.0
   10     1.0    -3.0   50.0
   11     3.0    -3.0   50.0
   12     3.0    -1.0   50.0
   13     5.0     1.0   25.0
   14     5.0     3.0   25.0
   15     5.0     5.0   25.0
   16     3.0     5.0   25.0
   17     1.0     5.0   25.0
   18    -1.0     5.0   25.0
   19    -3.0     5.0   25.0
   20    -5.0     5.0   25.0
   21    -5.0     3.0   25.0
   22    -5.0     1.0   25.0
   23    -5.0    -1.0   25.0
   24    -5.0    -3.0   25.0
   25    -5.0    -5.0   25.0
   26    -3.0    -5.0   25.0
   27    -1.0    -5.0   25.0
   28     1.0    -5.0   25.0
   29     3.0    -5.0   25.0
   30     5.0    -5.0   25.0
   31     5.0    -3.0   25.0
   32     5.0    -1.0   25.0
   33     7.0     1.0   40.0
   34     7.0     3.0   40.0
   35     7.0     5.0   40.0
   36     7.0     7.0   40.0
   37     5.0     7.0   40.0
   38     3.0     7.0   40.0
   39     1.0     7.0   40.0
   40    -1.0     7.0   40.0
   41    -3.0     7.0   40.0
   42    -5.0     7.0   40.0
   43    -7.0     7.0   40.0
   44    -7.0     5.0   40.0
   45    -7.0     3.0   40.0
   46    -7.0     1.0   40.0
   47    -7.0    -1.0   40.0
   48    -7.0    -3.0   40.0
   49    -7.0    -5.0   40.0
   50    -7.0    -7.0   40.0
   51    -5.0    -7.0   40.0
   52    -3.0    -7.0   40.0
   53    -1.0    -7.0   40.0
   54     1.0    -7.0   40.0
   55     3.0    -7.0   40.0
   56     5.0    -7.0   40.0
   57     7.0    -7.0   40.0
   58     7.0    -5.0   40.0
   59     7.0    -3.0   40.0
   60     7.0    -1.0   40.0
   61     9.0     1.0   30.0
   62     9.0     3.0   30.0
   63     9.0     5.0   30.0
   64     9.0     7.0   30.0
   65     9.0     9.0   30.0
   66     7.0     9.0   30.0
   67     5.0     9.0   30.0
   68     3.0     9.0   30.0
   69     1.0     9.0   30.0
   70    -1.0     9.0   30.0
   71    -3.0     9.0   30.0
   72    -5.0     9.0   30.0
   73    -7.0     9.0   30.0
   74    -9.0     9.0   30.0
   75    -9.0     7.0   30.0
   76    -9.0     5.0   30.0
   77    -9.0     3.0   30.0
   78    -9.0     1.0   30.0
   79    -9.0    -1.0   30.0
   80    -9.0    -3.0   30.0
   81    -9.0    -5.0   30.0
   82    -9.0    -7.0   30.0
   83    -9.0    -9.0   30.0
   84    -7.0    -9.0   30.0
   85    -5.0    -9.0   30.0
   86    -3.0    -9.0   30.0
   87    -1.0    -9.0   30.0
   88     1.0    -9.0   30.0
   89     3.0    -9.0   30.0
   90     5.0    -9.0   30.0
   91     7.0    -9.0   30.0
   92     9.0    -9.0   30.0
   93     9.0    -7.0   30.0
   94     9.0    -5.0   30.0
   95     9.0    -3.0   30.0
   96     9.0    -1.0   30.0
   97    11.0     1.0   21.0
   98    11.0     3.0   21.0
   99    11.0     5.0   21.0
  100    11.0     7.0   21.0
  101    11.0     9.0   21.0
  102    11.0    11.0   21.0
  103     9.0    11.0   21.0
  104     7.0    11.0   21.0
  105     5.0    11.0   21.0
  106     3.0    11.0   21.0
  107     1.0    11.0   21.0
  108    -1.0    11.0   21.0
  109    -3.0    11.0   21.0
  110    -5.0    11.0   21.0
  111    -7.0    11.0   21.0
  112    -9.0    11.0   21.0
  113   -11.0    11.0   21.0
  114   -11.0     9.0   21.0
  115   -11.0     7.0   21.0
  116   -11.0     5.0   21.0
  117   -11.0     3.0   21.0
  118   -11.0     1.0   21.0
  119   -11.0    -1.0   21.0
  120   -11.0    -3.0   21.0
  121   -11.0    -5.0   21.0
  122   -11.0    -7.0   21.0
  123   -11.0    -9.0   21.0
  124   -11.0   -11.0   21.0
  125    -9.0   -11.0   21.0
  126    -7.0   -11.0   21.0
  127    -5.0   -11.0   21.0
  128    -3.0   -11.0   21.0
  129    -1.0   -11.0   21.0
  130     1.0   -11.0   21.0
  131     3.0   -11.0   21.0
  132     5.0   -11.0   21.0
  133     7.0   -11.0   21.0
  134     9.0   -11.0   21.0
  135    11.0   -11.0   21.0
  136    11.0    -9.0   21.0
  137    11.0    -7.0   21.0
  138    11.0    -5.0   21.0
  139    11.0    -3.0   21.0
  140    11.0    -1.0   21.0
  141    13.0     1.0   15.0
  142    13.0     3.0   15.0
  143    13.0     5.0   15.0
  144    13.0     7.0   15.0
  145    13.0     9.0   15.0
  146    13.0    11.0   15.0
  147    13.0    13.0   15.0
  148    11.0    13.0   15.0
  149     9.0    13.0   15.0
  150     7.0    13.0   15.0
  151     5.0    13.0   15.0
  152     3.0    13.0   15.0
  153     1.0    13.0   15.0
  154    -1.0    13.0   15.0
  155    -3.0    13.0   15.0
  156    -5.0    13.0   15.0
  157    -7.0    13.0   15.0
  158    -9.0    13.0   15.0
  159   -11.0    13.0   15.0
  160   -13.0    13.0   15.0
  161   -13.0    11.0   15.0
  162   -13.0     9.0   15.0
  163   -13.0     7.0   15.0
  164   -13.0     5.0   15.0
  165   -13.0     3.0   15.0
  166   -13.0     1.0   15.0
  167   -13.0    -1.0   15.0
  168   -13.0    -3.0   15.0
  169   -13.0    -5.0   15.0
  170   -13.0    -7.0   15.0
  171   -13.0    -9.0   15.0
  172   -13.0   -11.0   15.0
  173   -13.0   -13.0   15.0
  174   -11.0   -13.0   15.0
  175    -9.0   -13.0   15.0
  176    -7.0   -13.0   15.0
  177    -5.0   -13.0   15.0
  178    -3.0   -13.0   15.0
  179    -1.0   -13.0   15.0
  180     1.0   -13.0   15.0
  181     3.0   -13.0   15.0
  182     5.0   -13.0   15.0
  183     7.0   -13.0   15.0
  184     9.0   -13.0   15.0
  185    11.0   -13.0   15.0
  186    13.0   -13.0   15.0
  187    13.0   -11.0   15.0
  188    13.0    -9.0   15.0
  189    13.0    -7.0   15.0
  190    13.0    -5.0   15.0
  191    13.0    -3.0   15.0
  192    13.0    -1.0   15.0
  193    15.0     1.0   10.0
  194    15.0     3.0   10.0
  195    15.0     5.0   10.0
  196    15.0     7.0   10.0
  197    15.0     9.0   10.0
  198    15.0    11.0   10.0
  199    15.0    13.0   10.0
  200    15.0    15.0   10.0
  201    13.0    15.0   10.0
  202    11.0    15.0   10.0
  203     9.0    15.0   10.0
  204     7.0    15.0   10.0
  205     5.0    15.0   10.0
  206     3.0    15.0   10.0
  207     1.0    15.0   10.0
  208    -1.0    15.0   10.0
  209    -3.0    15.0   10.0
  210    -5.0    15.0   10.0
  211    -7.0    15.0   10.0
  212    -9.0    15.0   10.0
  213   -11.0    15.0   10.0
  214   -13.0    15.0   10.0
  215   -15.0    15.0   10.0
  216   -15.0    13.0   10.0
  217   -15.0    11.0   10.0
  218   -15.0     9.0   10.0
  219   -15.0     7.0   10.0
  220   -15.0     5.0   10.0
  221   -15.0     3.0   10.0
  222   -15.0     1.0   10.0
  223   -15.0    -1.0   10.0
  224   -15.0    -3.0   10.0
  225   -15.0    -5.0   10.0
  226   -15.0    -7.0   10.0
  227   -15.0    -9.0   10.0
  228   -15.0   -11.0   10.0
  229   -15.0   -13.0   10.0
  230   -15.0   -15.0   10.0
  231   -13.0   -15.0   10.0
  232   -11.0   -15.0   10.0
  233    -9.0   -15.0   10.0
  234    -7.0   -15.0   10.0
  235    -5.0   -15.0   10.0
  236    -3.0   -15.0   10.0
  237    -1.0   -15.0   10.0
  238     1.0   -15.0   10.0
  239     3.0   -15.0   10.0
  240     5.0   -15.0   10.0
  241     7.0   -15.0   10.0
  242     9.0   -15.0   10.0
  243    11.0   -15.0   10.0
  244    13.0   -15.0   10.0
  245    15.0   -15.0   10.0
  246    15.0   -13.0   10.0
  247    15.0   -11.0   10.0
  248    15.0    -9.0   10.0
  249    15.0    -7.0   10.0
  250    15.0    -5.0   10.0
  251    15.0    -3.0   10.0
  252    15.0    -1.0   10.0
Node - number of items - height and weight for each item
   0   0
   1   3    4   15    1   20    3   15
   2   3    4   15    2   20    3   15
   3   2    3   22    1   28
   4   1    3   50
   5   2    1   22    1   28
   6   3    2   15    2   20    2   15
   7   2    3   22    4   28
   8   2    1   22    4   28
   9   2    1   22    1   28
  10   1    3   50
  11   3    4   15    2   20    2   15
  12   1    2   50
  13   2    2   11    3   14
  14   3    2    7    1   10    3    8
  15   1    4   25
  16   2    2   11    2   14
  17   1    3   25
  18   3    4    7    2   10    4    8
  19   2    1   11    2   14
  20   1    2   25
  21   1    1   25
  22   3    3    7    1   10    4    8
  23   1    2   25
  24   1    2   25
  25   2    1   11    1   14
  26   2    4   11    1   14
  27   3    3    7    3   10    1    8
  28   2    1   11    4   14
  29   3    2    7    2   10    1    8
  30   3    1    7    1   10    3    8
  31   2    3   11    1   14
  32   2    3   11    3   14
  33   3    2   12    1   16    1   12
  34   1    2   40
  35   2    1   18    4   22
  36   3    2   12    4   16    4   12
  37   2    3   18    2   22
  38   2    4   18    2   22
  39   1    4   40
  40   2    3   18    1   22
  41   1    3   40
  42   2    3   18    1   22
  43   3    3   12    3   16    3   12
  44   3    4   12    1   16    3   12
  45   2    1   18    4   22
  46   2    2   18    2   22
  47   3    2   12    4   16    2   12
  48   2    2   18    4   22
  49   3    1   12    3   16    4   12
  50   1    3   40
  51   3    1   12    2   16    1   12
  52   1    4   40
  53   1    3   40
  54   1    3   40
  55   2    2   18    2   22
  56   1    2   40
  57   3    4   12    3   16    3   12
  58   2    2   18    1   22
  59   3    4   12    4   16    1   12
  60   2    1   18    4   22
  61   2    1   13    2   17
  62   1    3   30
  63   1    1   30
  64   3    3    9    2   12    3    9
  65   3    3    9    3   12    4    9
  66   2    3   13    4   17
  67   2    4   13    2   17
  68   3    1    9    4   12    4    9
  69   1    4   30
  70   3    3    9    3   12    3    9
  71   2    1   13    1   17
  72   2    3   13    4   17
  73   1    4   30
  74   1    1   30
  75   2    2   13    3   17
  76   3    1    9    1   12    4    9
  77   3    3    9    3   12    4    9
  78   1    4   30
  79   3    4    9    4   12    2    9
  80   1    1   30
  81   2    4   13    3   17
  82   1    2   30
  83   2    3   13    3   17
  84   1    2   30
  85   2    1   13    3   17
  86   1    3   30
  87   2    4   13    4   17
  88   3    3    9    1   12    4    9
  89   1    4   30
  90   1    1   30
  91   2    1   13    3   17
  92   3    1    9    3   12    4    9
  93   1    3   30
  94   2    2   13    3   17
  95   1    4   30
  96   3    4    9    3   12    3    9
  97   2    4    9    3   12
  98   2    4    9    4   12
  99   1    1   21
 100   3    1    6    1    8    3    7
 101   3    4    6    4    8    4    7
 102   3    1    6    4    8    4    7
 103   2    3    9    3   12
 104   3    2    6    1    8    2    7
 105   2    4    9    4   12
 106   2    4    9    1   12
 107   2    1    9    3   12
 108   3    3    6    2    8    1    7
 109   3    4    6    1    8    4    7
 110   1    3   21
 111   3    1    6    2    8    4    7
 112   1    4   21
 113   2    3    9    3   12
 114   3    2    6    2    8    2    7
 115   1    1   21
 116   2    4    9    1   12
 117   1    1   21
 118   3    4    6    3    8    4    7
 119   3    4    6    1    8    3    7
 120   1    3   21
 121   3    3    6    3    8    3    7
 122   3    2    6    3    8    2    7
 123   2    3    9    2   12
 124   2    3    9    1   12
 125   1    1   21
 126   2    2    9    1   12
 127   1    2   21
 128   2    3    9    2   12
 129   2    1    9    4   12
 130   1    4   21
 131   2    2    9    3   12
 132   1    4   21
 133   1    1   21
 134   3    1    6    4    8    3    7
 135   1    4   21
 136   2    4    9    1   12
 137   3    3    6    1    8    4    7
 138   3    3    6    3    8    1    7
 139   3    1    6    2    8    4    7
 140   3    1    6    3    8    4    7
 141   3    1    4    4    6    2    5
 142   2    1    6    3    9
 143   1    3   15
 144   3    4    4    1    6    2    5
 145   1    4   15
 146   2    1    6    1    9
 147   1    2   15
 148   2    1    6    4    9
 149   2    2    6    1    9
 150   2    3    6    1    9
 151   3    2    4    1    6    2    5
 152   3    2    4    4    6    1    5
 153   1    2   15
 154   1    1   15
 155   2    2    6    4    9
 156   2    2    6    2    9
 157   2    1    6    1    9
 158   3    1    4    1    6    4    5
 159   2    4    6    2    9
 160   3    3    4    1    6    1    5
 161   2    4    6    2    9
 162   3    1    4    3    6    2    5
 163   3    2    4    3    6    4    5
 164   3    3    4    1    6    2    5
 165   1    3   15
 166   2    1    6    1    9
 167   3    2    4    4    6    3    5
 168   2    4    6    4    9
 169   3    3    4    1    6    4    5
 170   3    4    4    4    6    2    5
 171   2    1    6    4    9
 172   3    2    4    4    6    4    5
 173   2    2    6    2    9
 174   1    3   15
 175   2    1    6    3    9
 176   1    2   15
 177   3    3    4    3    6    2    5
 178   2    1    6    4    9
 179   1    2   15
 180   2    3    6    2    9
 181   3    3    4    1    6    4    5
 182   1    1   15
 183   3    3    4    1    6    3    5
 184   2    4    6    3    9
 185   2    2    6    2    9
 186   3    2    4    1    6    1    5
 187   1    3   15
 188   2    4    6    3    9
 189   2    1    6    4    9
 190   3    1    4    2    6    2    5
 191   3    2    4    4    6    1    5
 192   2    3    6    4    9
 193   1    3   10
 194   1    3   10
 195   2    3    4    3    6
 196   1    2   10
 197   3    3    3    2    4    4    3
 198   3    4    3    2    4    4    3
 199   1    1   10
 200   1    4   10
 201   3    1    3    3    4    3    3
 202   2    4    4    2    6
 203   1    4   10
 204   3    3    3    3    4    1    3
 205   2    4    4    3    6
 206   2    1    4    4    6
 207   1    1   10
 208   2    4    4    4    6
 209   3    2    3    2    4    2    3
 210   3    4    3    3    4    3    3
 211   2    3    4    2    6
 212   1    1   10
 213   1    4   10
 214   3    4    3    4    4    4    3
 215   1    1   10
 216   1    4   10
 217   2    3    4    4    6
 218   2    2    4    2    6
 219   2    2    4    3    6
 220   1    4   10
 221   2    2    4    2    6
 222   1    2   10
 223   1    4   10
 224   2    3    4    3    6
 225   3    1    3    2    4    3    3
 226   3    3    3    1    4    4    3
 227   3    2    3    4    4    4    3
 228   2    4    4    3    6
 229   3    2    3    1    4    3    3
 230   1    1   10
 231   3    1    3    2    4    4    3
 232   1    1   10
 233   3    4    3    4    4    1    3
 234   2    1    4    3    6
 235   1    2   10
 236   3    4    3    1    4    2    3
 237   1    4   10
 238   3    4    3    3    4    2    3
 239   2    1    4    1    6
 240   2    4    4    4    6
 241   1    3   10
 242   2    1    4    1    6
 243   1    4   10
 244   2    2    4    1    6
 245   1    3   10
 246   2    4    4    4    6
 247   1    4   10
 248   2    3    4    4    6
 249   1    3   10
 250   2    2    4    4    6
 251   2    4    4    3    6
 252   2    3    4    2    6
