Instance: E045-04f.dat
Class:  2
   44 --- number of customers (no depot)
    9 --- number of vehicles
    8 --- number of stacks on the vehicle
   66 --- number of items
Capacity of the vehicle - height of each stacks
    900    10
Node - x - y - demand
    0     0.0     0.0    0.0
    1     3.0     5.0   44.0
    2     2.5     9.0   42.0
    3    48.0    16.0   46.0
    4    48.0    17.0   47.0
    5    69.0    16.0   46.0
    6    70.0    16.0   43.0
    7    64.0    13.0   44.0
    8     3.0   -22.0   41.0
    9     2.5     1.0   49.0
   10   -13.0    11.5   45.0
   11   -20.0    45.0   19.0
   12    -9.0    52.0   18.0
   13    -8.5    53.0   18.0
   14    -8.0    52.0   28.0
   15     2.0     2.0   27.0
   16    -2.0     9.0   13.0
   17   -10.0    20.0   48.0
   18   -20.0    19.0   38.0
   19   -15.0   -21.0   19.0
   20    -5.0    -9.0   16.0
   21    -4.5    -9.0   26.0
   22   -52.0   -36.0   44.0
   23   -53.0   -36.0   47.0
   24     0.0     0.0   33.0
   25   -30.0   -18.0   33.0
   26   -51.0   -35.0   30.0
   27    81.0     9.0   42.0
   28    84.0   -99.0   50.0
   29    82.0    -6.0   23.0
   30    40.0   -12.0   18.0
   31    50.0    -7.0   47.0
   32    51.0    -8.0   46.0
   33    63.0   -17.0   48.0
   34    45.0    -1.0   41.0
   35    54.0     8.5   33.0
   36    29.0     4.0   48.0
   37    21.0     3.0   50.0
   38    22.0     2.0   53.0
   39    39.0    -3.0   51.0
   40    39.5    -3.0   51.0
   41    40.0   -11.0   48.0
   42    28.0    -2.0   52.0
   43    24.0   -18.0   41.0
   44    24.0   -19.0   41.0
Node - number of items - height and weight for each item
   0   0
   1   1    4   44
   2   1    3   42
   3   2    4   20    3   26
   4   1    1   47
   5   1    3   46
   6   1    3   43
   7   1    1   44
   8   2    2   18    2   23
   9   1    4   49
  10   2    1   20    4   25
  11   1    1   19
  12   1    4   18
  13   1    2   18
  14   2    2   12    4   16
  15   2    1   12    3   15
  16   1    2   13
  17   1    1   48
  18   2    1   17    1   21
  19   1    3   19
  20   1    1   16
  21   1    2   26
  22   1    3   44
  23   1    2   47
  24   2    2   14    1   19
  25   1    2   33
  26   1    2   30
  27   2    1   18    2   24
  28   2    4   22    4   28
  29   2    1   10    2   13
  30   2    2    8    3   10
  31   2    4   21    4   26
  32   2    2   20    1   26
  33   1    4   48
  34   2    1   18    2   23
  35   2    2   14    4   19
  36   1    3   48
  37   2    1   22    4   28
  38   2    4   23    4   30
  39   2    1   22    3   29
  40   1    2   51
  41   2    2   21    3   27
  42   1    2   52
  43   2    3   18    2   23
  44   1    3   41
