Instance: E045-04f.dat
Class:  4
   44 --- number of customers (no depot)
   10 --- number of vehicles
    8 --- number of stacks on the vehicle
  112 --- number of items
Capacity of the vehicle - height of each stacks
    900    10
Node - x - y - demand
    0     0.0     0.0    0.0
    1     3.0     5.0   46.0
    2     2.5     9.0   49.0
    3    48.0    16.0   44.0
    4    48.0    17.0   43.0
    5    69.0    16.0   46.0
    6    70.0    16.0   43.0
    7    64.0    13.0   44.0
    8     3.0   -22.0   47.0
    9     2.5     1.0   44.0
   10   -13.0    11.5   40.0
   11   -20.0    45.0   17.0
   12    -9.0    52.0   35.0
   13    -8.5    53.0   40.0
   14    -8.0    52.0   12.0
   15     2.0     2.0   15.0
   16    -2.0     9.0   44.0
   17   -10.0    20.0   22.0
   18   -20.0    19.0   11.0
   19   -15.0   -21.0   35.0
   20    -5.0    -9.0   41.0
   21    -4.5    -9.0   44.0
   22   -52.0   -36.0   28.0
   23   -53.0   -36.0   28.0
   24     0.0     0.0   30.0
   25   -30.0   -18.0    7.0
   26   -51.0   -35.0   34.0
   27    81.0     9.0   39.0
   28    84.0   -99.0    4.0
   29    82.0    -6.0   39.0
   30    40.0   -12.0   21.0
   31    50.0    -7.0   34.0
   32    51.0    -8.0   38.0
   33    63.0   -17.0   30.0
   34    45.0    -1.0   36.0
   35    54.0     8.5   30.0
   36    29.0     4.0   45.0
   37    21.0     3.0   54.0
   38    22.0     2.0   52.0
   39    39.0    -3.0   53.0
   40    39.5    -3.0   53.0
   41    40.0   -11.0   52.0
   42    28.0    -2.0   46.0
   43    24.0   -18.0   47.0
   44    24.0   -19.0   49.0
Node - number of items - height and weight for each item
   0   0
   1   3    4   13    3   18    4   15
   2   2    3   22    1   27
   3   2    3   19    3   25
   4   1    1   43
   5   1    2   46
   6   1    2   43
   7   3    4   13    1   17    4   14
   8   1    1   47
   9   4    4   11    2    8    2   15    4   10
  10   3    1   12    3   16    2   12
  11   3    1    5    1    6    1    6
  12   4    3    8    1    7    2   12    3    8
  13   3    2   12    2   16    1   12
  14   2    2    5    2    7
  15   1    1   15
  16   4    2   11    4    8    4   15    1   10
  17   2    2    9    2   13
  18   2    3    4    4    7
  19   3    4   10    2   14    1   11
  20   4    4   10    1    8    2   14    2    9
  21   4    4   11    3    8    1   15    4   10
  22   2    4   12    4   16
  23   1    1   28
  24   4    3    7    2    6    2   10    3    7
  25   2    2    3    3    4
  26   1    2   34
  27   2    3   17    2   22
  28   1    1    4
  29   3    2   11    3   15    3   13
  30   3    2    6    3    8    1    7
  31   3    4   10    1   13    2   11
  32   2    2   17    2   21
  33   4    4    7    1    6    2   10    4    7
  34   2    1   16    2   20
  35   4    2    7    2    6    1   10    4    7
  36   1    1   45
  37   2    3   24    2   30
  38   2    1   23    2   29
  39   2    3   23    3   30
  40   3    3   15    4   21    1   17
  41   2    2   23    2   29
  42   1    3   46
  43   4    1   11    1    9    1   16    3   11
  44   1    1   49
