Instance: E023-03g.dat
Class:  4
   22 --- number of customers (no depot)
    5 --- number of vehicles
    8 --- number of stacks on the vehicle
   51 --- number of items
Capacity of the vehicle - height of each stacks
    900    10
Node - x - y - demand
    0   266.0   235.0    0.0
    1   295.0   272.0   62.0
    2   301.0   258.0   63.0
    3   309.0   260.0   56.0
    4   217.0   274.0   13.0
    5   218.0   278.0   38.0
    6   282.0   267.0   73.0
    7   242.0   249.0   75.0
    8   230.0   262.0   78.0
    9   249.0   268.0   75.0
   10   256.0   267.0   72.0
   11   265.0   257.0   58.0
   12   267.0   242.0   55.0
   13   259.0   265.0   48.0
   14   315.0   233.0   49.0
   15   329.0   252.0   39.0
   16   318.0   252.0   61.0
   17   329.0   224.0   55.0
   18   267.0   213.0   74.0
   19   275.0   192.0   71.0
   20   303.0   201.0   40.0
   21   208.0   217.0   80.0
   22   326.0   181.0   75.0
Node - number of items - height and weight for each item
   0   0
   1   3    2   18    2   24    3   20
   2   3    1   18    1   25    3   20
   3   2    2   25    3   31
   4   3    3    3    2    5    4    5
   5   1    1   38
   6   4    4   18    2   14    4   25    4   16
   7   1    4   75
   8   1    4   78
   9   1    1   75
  10   3    1   21    4   28    3   23
  11   4    1   14    1   11    2   20    1   13
  12   4    4   13    4   11    3   19    3   12
  13   1    2   48
  14   1    4   49
  15   2    1   17    4   22
  16   4    4   15    2   12    1   21    2   13
  17   3    1   16    1   22    3   17
  18   3    2   22    4   29    1   23
  19   2    4   31    1   40
  20   1    4   40
  21   2    2   36    2   44
  22   2    2   33    1   42
