Instance: E200-17b.dat
Class:  5
  199 --- number of customers (no depot)
   39 --- number of vehicles
    8 --- number of stacks on the vehicle
  589 --- number of items
Capacity of the vehicle - height of each stacks
    900    10
Node - x - y - demand
    0    35.0    35.0     0.0
    1    41.0    49.0    10.0
    2    35.0    17.0     7.0
    3    55.0    45.0    13.0
    4    55.0    20.0    19.0
    5    15.0    30.0    26.0
    6    25.0    30.0     3.0
    7    20.0    50.0     5.0
    8    10.0    43.0     9.0
    9    55.0    60.0    16.0
   10    30.0    60.0    16.0
   11    20.0    65.0    12.0
   12    50.0    35.0    19.0
   13    30.0    25.0    23.0
   14    15.0    10.0    20.0
   15    30.0     5.0     8.0
   16    10.0    20.0    19.0
   17     5.0    30.0     2.0
   18    20.0    40.0    12.0
   19    15.0    60.0    17.0
   20    45.0    65.0     9.0
   21    45.0    20.0    11.0
   22    45.0    10.0    18.0
   23    55.0     5.0    29.0
   24    65.0    35.0     3.0
   25    65.0    20.0     6.0
   26    45.0    30.0    17.0
   27    35.0    40.0    16.0
   28    41.0    37.0    16.0
   29    64.0    42.0     9.0
   30    40.0    60.0    21.0
   31    31.0    52.0    27.0
   32    35.0    69.0    23.0
   33    53.0    52.0    11.0
   34    65.0    55.0    14.0
   35    63.0    65.0     8.0
   36     2.0    60.0     5.0
   37    20.0    20.0     8.0
   38     5.0     5.0    16.0
   39    60.0    12.0    31.0
   40    40.0    25.0     9.0
   41    42.0     7.0     5.0
   42    24.0    12.0     5.0
   43    23.0     3.0     7.0
   44    11.0    14.0    18.0
   45     6.0    38.0    16.0
   46     2.0    48.0     1.0
   47     8.0    56.0    27.0
   48    13.0    52.0    36.0
   49     6.0    68.0    30.0
   50    47.0    47.0    13.0
   51    49.0    58.0    10.0
   52    27.0    43.0     9.0
   53    37.0    31.0    14.0
   54    57.0    29.0    18.0
   55    63.0    23.0     2.0
   56    53.0    12.0     6.0
   57    32.0    12.0     7.0
   58    36.0    26.0    18.0
   59    21.0    24.0    28.0
   60    17.0    34.0     3.0
   61    12.0    24.0    13.0
   62    24.0    58.0    19.0
   63    27.0    69.0    10.0
   64    15.0    77.0     9.0
   65    62.0    77.0    20.0
   66    49.0    73.0    25.0
   67    67.0     5.0    25.0
   68    56.0    39.0    36.0
   69    37.0    47.0     6.0
   70    37.0    56.0     5.0
   71    57.0    68.0    15.0
   72    47.0    16.0    25.0
   73    44.0    17.0     9.0
   74    46.0    13.0     8.0
   75    49.0    11.0    18.0
   76    49.0    42.0    13.0
   77    53.0    43.0    14.0
   78    61.0    52.0     3.0
   79    57.0    48.0    23.0
   80    56.0    37.0     6.0
   81    55.0    54.0    26.0
   82    15.0    47.0    16.0
   83    14.0    37.0    11.0
   84    11.0    31.0     7.0
   85    16.0    22.0    41.0
   86     4.0    18.0    35.0
   87    28.0    18.0    26.0
   88    26.0    52.0     9.0
   89    26.0    35.0    15.0
   90    31.0    67.0     3.0
   91    15.0    19.0     1.0
   92    22.0    22.0     2.0
   93    18.0    24.0    22.0
   94    26.0    27.0    27.0
   95    25.0    24.0    20.0
   96    22.0    27.0    11.0
   97    25.0    21.0    12.0
   98    19.0    21.0    10.0
   99    20.0    26.0     9.0
  100    18.0    18.0    17.0
  101    37.0    52.0     7.0
  102    49.0    49.0    30.0
  103    52.0    64.0    16.0
  104    20.0    26.0     9.0
  105    40.0    30.0    21.0
  106    21.0    47.0    15.0
  107    17.0    63.0    19.0
  108    31.0    62.0    23.0
  109    52.0    33.0    11.0
  110    51.0    21.0     5.0
  111    42.0    41.0    19.0
  112    31.0    32.0    29.0
  113     5.0    25.0    23.0
  114    12.0    42.0    21.0
  115    36.0    16.0    10.0
  116    52.0    41.0    15.0
  117    27.0    23.0     3.0
  118    17.0    33.0    41.0
  119    13.0    13.0     9.0
  120    57.0    58.0    28.0
  121    62.0    42.0     8.0
  122    42.0    57.0     8.0
  123    16.0    57.0    16.0
  124     8.0    52.0    10.0
  125     7.0    38.0    28.0
  126    27.0    68.0     7.0
  127    30.0    48.0    15.0
  128    43.0    67.0    14.0
  129    58.0    48.0     6.0
  130    58.0    27.0    19.0
  131    37.0    69.0    11.0
  132    38.0    46.0    12.0
  133    46.0    10.0    23.0
  134    61.0    33.0    26.0
  135    62.0    63.0    17.0
  136    63.0    69.0     6.0
  137    32.0    22.0     9.0
  138    45.0    35.0    15.0
  139    59.0    15.0    14.0
  140     5.0     6.0     7.0
  141    10.0    17.0    27.0
  142    21.0    10.0    13.0
  143     5.0    64.0    11.0
  144    30.0    15.0    16.0
  145    39.0    10.0    10.0
  146    32.0    39.0     5.0
  147    25.0    32.0    25.0
  148    25.0    55.0    17.0
  149    48.0    28.0    18.0
  150    56.0    37.0    10.0
  151    22.0    22.0    18.0
  152    36.0    26.0    26.0
  153    21.0    45.0    11.0
  154    45.0    35.0    30.0
  155    55.0    20.0    21.0
  156    33.0    34.0    19.0
  157    50.0    50.0    15.0
  158    55.0    45.0    16.0
  159    26.0    59.0    29.0
  160    40.0    66.0    26.0
  161    55.0    65.0    37.0
  162    35.0    51.0    16.0
  163    62.0    35.0    12.0
  164    62.0    57.0    31.0
  165    62.0    24.0     8.0
  166    21.0    36.0    19.0
  167    33.0    44.0    20.0
  168     9.0    56.0    13.0
  169    62.0    48.0    15.0
  170    66.0    14.0    22.0
  171    44.0    13.0    28.0
  172    26.0    13.0    12.0
  173    11.0    28.0     6.0
  174     7.0    43.0    27.0
  175    17.0    64.0    14.0
  176    41.0    46.0    18.0
  177    55.0    34.0    17.0
  178    35.0    16.0    29.0
  179    52.0    26.0    13.0
  180    43.0    26.0    22.0
  181    31.0    76.0    25.0
  182    22.0    53.0    28.0
  183    26.0    29.0    27.0
  184    50.0    40.0    19.0
  185    55.0    50.0    10.0
  186    54.0    10.0    12.0
  187    60.0    15.0    14.0
  188    47.0    66.0    24.0
  189    30.0    60.0    16.0
  190    30.0    50.0    33.0
  191    12.0    17.0    15.0
  192    15.0    14.0    11.0
  193    16.0    19.0    18.0
  194    21.0    48.0    17.0
  195    50.0    30.0    21.0
  196    51.0    42.0    27.0
  197    50.0    15.0    19.0
  198    48.0    21.0    20.0
  199    12.0    38.0     5.0
Node - number of items - height and weight for each item
   0   0
   1   5    3    2    4    2    2    2    3    2    4    2
   2   1    4    7
   3   4    1    3    2    3    1    3    1    4
   4   2    1    9    2   10
   5   3    3    7    1    7    2   12
   6   1    4    3
   7   1    1    5
   8   1    3    9
   9   1    2   16
  10   5    3    3    4    3    1    3    3    3    4    4
  11   5    2    2    3    2    1    2    4    2    1    4
  12   4    3    4    4    4    3    4    2    7
  13   5    3    4    3    4    3    4    1    4    4    7
  14   3    2    6    2    6    3    8
  15   3    4    2    2    2    1    4
  16   1    1   19
  17   1    3    2
  18   4    3    3    1    3    2    3    1    3
  19   1    2   17
  20   5    2    1    4    1    3    1    4    1    2    5
  21   3    3    3    2    3    1    5
  22   3    3    5    3    5    4    8
  23   5    1    5    4    5    3    5    2    5    4    9
  24   1    4    3
  25   1    1    6
  26   5    1    3    4    3    4    3    4    3    2    5
  27   2    4    8    2    8
  28   5    4    3    3    3    3    3    3    3    4    4
  29   5    3    1    2    1    3    1    2    1    2    5
  30   3    1    6    1    6    3    9
  31   5    3    5    3    5    4    5    4    5    3    7
  32   2    1   11    4   12
  33   3    4    3    1    3    1    5
  34   5    2    2    3    2    4    2    4    2    3    6
  35   4    4    2    1    2    4    2    2    2
  36   1    2    5
  37   4    3    2    1    2    4    2    4    2
  38   2    1    8    2    8
  39   2    3   15    2   16
  40   1    2    9
  41   1    4    5
  42   1    3    5
  43   3    2    2    3    2    3    3
  44   3    4    5    2    5    2    8
  45   3    4    4    4    4    4    8
  46   1    4    1
  47   1    2   27
  48   2    4   18    3   18
  49   4    3    7    3    7    4    7    4    9
  50   5    2    2    2    2    4    2    1    2    3    5
  51   4    3    2    4    2    1    2    3    4
  52   5    2    1    1    1    1    1    3    1    3    5
  53   1    1   14
  54   2    4    9    4    9
  55   1    1    2
  56   1    3    6
  57   4    1    1    3    1    2    1    3    4
  58   4    4    4    3    4    3    4    3    6
  59   4    2    7    4    7    4    7    3    7
  60   1    3    3
  61   4    2    3    2    3    1    3    1    4
  62   3    1    5    3    5    1    9
  63   4    3    2    2    2    2    2    3    4
  64   5    1    1    1    1    3    1    2    1    2    5
  65   3    4    6    1    6    4    8
  66   1    3   25
  67   2    4   12    2   13
  68   2    2   18    2   18
  69   1    3    6
  70   1    3    5
  71   1    2   15
  72   4    3    6    2    6    1    6    3    7
  73   1    1    9
  74   1    4    8
  75   2    4    9    1    9
  76   4    1    3    2    3    2    3    4    4
  77   2    2    7    4    7
  78   1    1    3
  79   5    1    4    4    4    4    4    4    4    3    7
  80   1    2    6
  81   1    2   26
  82   4    3    4    4    4    2    4    4    4
  83   2    2    5    1    6
  84   5    1    1    2    1    4    1    1    1    2    3
  85   5    4    8    4    8    4    8    3    8    3    9
  86   2    3   17    3   18
  87   3    1    7    2    7    3   12
  88   3    4    2    3    2    2    5
  89   3    4    4    4    4    2    7
  90   1    4    3
  91   1    2    1
  92   1    3    2
  93   2    3   11    1   11
  94   1    2   27
  95   1    3   20
  96   4    1    2    2    2    4    2    3    5
  97   4    1    3    2    3    4    3    2    3
  98   3    4    3    4    3    3    4
  99   1    4    9
 100   5    4    3    1    3    4    3    4    3    1    5
 101   1    1    7
 102   2    4   15    2   15
 103   3    1    4    1    4    3    8
 104   5    4    1    2    1    2    1    4    1    4    5
 105   5    2    4    3    4    3    4    4    4    1    5
 106   5    4    3    1    3    4    3    3    3    1    3
 107   4    4    4    3    4    4    4    1    7
 108   2    3   11    4   12
 109   2    4    5    1    6
 110   1    3    5
 111   1    3   19
 112   2    2   14    4   15
 113   2    3   11    1   12
 114   1    4   21
 115   1    4   10
 116   2    2    7    4    8
 117   1    4    3
 118   3    4   12    4   12    2   17
 119   5    1    1    3    1    2    1    3    1    1    5
 120   5    1    5    1    5    1    5    2    5    1    8
 121   2    3    4    4    4
 122   5    2    1    3    1    4    1    3    1    3    4
 123   1    3   16
 124   1    4   10
 125   2    1   14    3   14
 126   4    1    1    2    1    3    1    1    4
 127   1    2   15
 128   1    4   14
 129   1    4    6
 130   2    4    9    3   10
 131   5    4    2    2    2    3    2    1    2    3    3
 132   5    1    2    1    2    1    2    3    2    2    4
 133   2    2   11    1   12
 134   2    3   13    2   13
 135   4    2    4    2    4    1    4    3    5
 136   1    2    6
 137   2    3    4    3    5
 138   2    1    7    4    8
 139   4    2    3    3    3    4    3    3    5
 140   4    1    1    3    1    2    1    3    4
 141   5    4    5    1    5    4    5    1    5    1    7
 142   1    2   13
 143   4    2    2    2    2    4    2    1    5
 144   4    2    4    4    4    4    4    2    4
 145   2    1    5    1    5
 146   1    2    5
 147   2    3   12    4   13
 148   1    4   17
 149   5    1    3    4    3    4    3    2    3    1    6
 150   2    2    5    1    5
 151   3    2    5    4    5    1    8
 152   4    4    6    4    6    2    6    2    8
 153   2    3    5    2    6
 154   5    3    6    2    6    1    6    2    6    2    6
 155   5    1    4    2    4    2    4    4    4    1    5
 156   1    4   19
 157   1    2   15
 158   2    3    8    3    8
 159   2    3   14    2   15
 160   1    1   26
 161   3    2   11    2   11    4   15
 162   2    4    8    1    8
 163   3    2    3    2    3    2    6
 164   4    3    7    2    7    3    7    4   10
 165   4    1    2    4    2    2    2    3    2
 166   1    4   19
 167   3    3    6    3    6    3    8
 168   4    4    3    2    3    3    3    4    4
 169   4    4    3    3    3    2    3    1    6
 170   4    3    5    4    5    3    5    3    7
 171   5    2    5    2    5    2    5    2    5    2    8
 172   1    2   12
 173   1    4    6
 174   3    1    8    1    8    1   11
 175   2    4    7    4    7
 176   3    4    5    2    5    1    8
 177   3    1    5    4    5    3    7
 178   2    1   14    4   15
 179   2    2    6    1    7
 180   1    4   22
 181   4    4    6    3    6    4    6    4    7
 182   5    1    5    3    5    2    5    3    5    3    8
 183   4    4    6    1    6    1    6    2    9
 184   1    3   19
 185   4    2    2    3    2    4    2    3    4
 186   4    1    3    4    3    1    3    1    3
 187   2    2    7    4    7
 188   3    1    7    2    7    2   10
 189   4    3    4    3    4    2    4    3    4
 190   3    3    9    4    9    1   15
 191   2    4    7    4    8
 192   4    1    2    1    2    1    2    2    5
 193   3    1    5    4    5    2    8
 194   1    4   17
 195   4    2    5    2    5    1    5    4    6
 196   4    3    6    4    6    1    6    3    9
 197   2    2    9    2   10
 198   1    4   20
 199   1    2    5
