Instance: E253-27k.dat
Class:  5
  252 --- number of customers (no depot)
   50 --- number of vehicles
    8 --- number of stacks on the vehicle
  762 --- number of items
Capacity of the vehicle - height of each stacks
    900    10
Node - x - y - demand
    0     0.0     0.0    0.0
    1     3.0     1.0   50.0
    2     3.0     3.0   50.0
    3     1.0     3.0   50.0
    4    -1.0     3.0   50.0
    5    -3.0     3.0   50.0
    6    -3.0     1.0   50.0
    7    -3.0    -1.0   50.0
    8    -3.0    -3.0   50.0
    9    -1.0    -3.0   50.0
   10     1.0    -3.0   50.0
   11     3.0    -3.0   50.0
   12     3.0    -1.0   50.0
   13     5.0     1.0   25.0
   14     5.0     3.0   25.0
   15     5.0     5.0   25.0
   16     3.0     5.0   25.0
   17     1.0     5.0   25.0
   18    -1.0     5.0   25.0
   19    -3.0     5.0   25.0
   20    -5.0     5.0   25.0
   21    -5.0     3.0   25.0
   22    -5.0     1.0   25.0
   23    -5.0    -1.0   25.0
   24    -5.0    -3.0   25.0
   25    -5.0    -5.0   25.0
   26    -3.0    -5.0   25.0
   27    -1.0    -5.0   25.0
   28     1.0    -5.0   25.0
   29     3.0    -5.0   25.0
   30     5.0    -5.0   25.0
   31     5.0    -3.0   25.0
   32     5.0    -1.0   25.0
   33     7.0     1.0   40.0
   34     7.0     3.0   40.0
   35     7.0     5.0   40.0
   36     7.0     7.0   40.0
   37     5.0     7.0   40.0
   38     3.0     7.0   40.0
   39     1.0     7.0   40.0
   40    -1.0     7.0   40.0
   41    -3.0     7.0   40.0
   42    -5.0     7.0   40.0
   43    -7.0     7.0   40.0
   44    -7.0     5.0   40.0
   45    -7.0     3.0   40.0
   46    -7.0     1.0   40.0
   47    -7.0    -1.0   40.0
   48    -7.0    -3.0   40.0
   49    -7.0    -5.0   40.0
   50    -7.0    -7.0   40.0
   51    -5.0    -7.0   40.0
   52    -3.0    -7.0   40.0
   53    -1.0    -7.0   40.0
   54     1.0    -7.0   40.0
   55     3.0    -7.0   40.0
   56     5.0    -7.0   40.0
   57     7.0    -7.0   40.0
   58     7.0    -5.0   40.0
   59     7.0    -3.0   40.0
   60     7.0    -1.0   40.0
   61     9.0     1.0   30.0
   62     9.0     3.0   30.0
   63     9.0     5.0   30.0
   64     9.0     7.0   30.0
   65     9.0     9.0   30.0
   66     7.0     9.0   30.0
   67     5.0     9.0   30.0
   68     3.0     9.0   30.0
   69     1.0     9.0   30.0
   70    -1.0     9.0   30.0
   71    -3.0     9.0   30.0
   72    -5.0     9.0   30.0
   73    -7.0     9.0   30.0
   74    -9.0     9.0   30.0
   75    -9.0     7.0   30.0
   76    -9.0     5.0   30.0
   77    -9.0     3.0   30.0
   78    -9.0     1.0   30.0
   79    -9.0    -1.0   30.0
   80    -9.0    -3.0   30.0
   81    -9.0    -5.0   30.0
   82    -9.0    -7.0   30.0
   83    -9.0    -9.0   30.0
   84    -7.0    -9.0   30.0
   85    -5.0    -9.0   30.0
   86    -3.0    -9.0   30.0
   87    -1.0    -9.0   30.0
   88     1.0    -9.0   30.0
   89     3.0    -9.0   30.0
   90     5.0    -9.0   30.0
   91     7.0    -9.0   30.0
   92     9.0    -9.0   30.0
   93     9.0    -7.0   30.0
   94     9.0    -5.0   30.0
   95     9.0    -3.0   30.0
   96     9.0    -1.0   30.0
   97    11.0     1.0   21.0
   98    11.0     3.0   21.0
   99    11.0     5.0   21.0
  100    11.0     7.0   21.0
  101    11.0     9.0   21.0
  102    11.0    11.0   21.0
  103     9.0    11.0   21.0
  104     7.0    11.0   21.0
  105     5.0    11.0   21.0
  106     3.0    11.0   21.0
  107     1.0    11.0   21.0
  108    -1.0    11.0   21.0
  109    -3.0    11.0   21.0
  110    -5.0    11.0   21.0
  111    -7.0    11.0   21.0
  112    -9.0    11.0   21.0
  113   -11.0    11.0   21.0
  114   -11.0     9.0   21.0
  115   -11.0     7.0   21.0
  116   -11.0     5.0   21.0
  117   -11.0     3.0   21.0
  118   -11.0     1.0   21.0
  119   -11.0    -1.0   21.0
  120   -11.0    -3.0   21.0
  121   -11.0    -5.0   21.0
  122   -11.0    -7.0   21.0
  123   -11.0    -9.0   21.0
  124   -11.0   -11.0   21.0
  125    -9.0   -11.0   21.0
  126    -7.0   -11.0   21.0
  127    -5.0   -11.0   21.0
  128    -3.0   -11.0   21.0
  129    -1.0   -11.0   21.0
  130     1.0   -11.0   21.0
  131     3.0   -11.0   21.0
  132     5.0   -11.0   21.0
  133     7.0   -11.0   21.0
  134     9.0   -11.0   21.0
  135    11.0   -11.0   21.0
  136    11.0    -9.0   21.0
  137    11.0    -7.0   21.0
  138    11.0    -5.0   21.0
  139    11.0    -3.0   21.0
  140    11.0    -1.0   21.0
  141    13.0     1.0   15.0
  142    13.0     3.0   15.0
  143    13.0     5.0   15.0
  144    13.0     7.0   15.0
  145    13.0     9.0   15.0
  146    13.0    11.0   15.0
  147    13.0    13.0   15.0
  148    11.0    13.0   15.0
  149     9.0    13.0   15.0
  150     7.0    13.0   15.0
  151     5.0    13.0   15.0
  152     3.0    13.0   15.0
  153     1.0    13.0   15.0
  154    -1.0    13.0   15.0
  155    -3.0    13.0   15.0
  156    -5.0    13.0   15.0
  157    -7.0    13.0   15.0
  158    -9.0    13.0   15.0
  159   -11.0    13.0   15.0
  160   -13.0    13.0   15.0
  161   -13.0    11.0   15.0
  162   -13.0     9.0   15.0
  163   -13.0     7.0   15.0
  164   -13.0     5.0   15.0
  165   -13.0     3.0   15.0
  166   -13.0     1.0   15.0
  167   -13.0    -1.0   15.0
  168   -13.0    -3.0   15.0
  169   -13.0    -5.0   15.0
  170   -13.0    -7.0   15.0
  171   -13.0    -9.0   15.0
  172   -13.0   -11.0   15.0
  173   -13.0   -13.0   15.0
  174   -11.0   -13.0   15.0
  175    -9.0   -13.0   15.0
  176    -7.0   -13.0   15.0
  177    -5.0   -13.0   15.0
  178    -3.0   -13.0   15.0
  179    -1.0   -13.0   15.0
  180     1.0   -13.0   15.0
  181     3.0   -13.0   15.0
  182     5.0   -13.0   15.0
  183     7.0   -13.0   15.0
  184     9.0   -13.0   15.0
  185    11.0   -13.0   15.0
  186    13.0   -13.0   15.0
  187    13.0   -11.0   15.0
  188    13.0    -9.0   15.0
  189    13.0    -7.0   15.0
  190    13.0    -5.0   15.0
  191    13.0    -3.0   15.0
  192    13.0    -1.0   15.0
  193    15.0     1.0   10.0
  194    15.0     3.0   10.0
  195    15.0     5.0   10.0
  196    15.0     7.0   10.0
  197    15.0     9.0   10.0
  198    15.0    11.0   10.0
  199    15.0    13.0   10.0
  200    15.0    15.0   10.0
  201    13.0    15.0   10.0
  202    11.0    15.0   10.0
  203     9.0    15.0   10.0
  204     7.0    15.0   10.0
  205     5.0    15.0   10.0
  206     3.0    15.0   10.0
  207     1.0    15.0   10.0
  208    -1.0    15.0   10.0
  209    -3.0    15.0   10.0
  210    -5.0    15.0   10.0
  211    -7.0    15.0   10.0
  212    -9.0    15.0   10.0
  213   -11.0    15.0   10.0
  214   -13.0    15.0   10.0
  215   -15.0    15.0   10.0
  216   -15.0    13.0   10.0
  217   -15.0    11.0   10.0
  218   -15.0     9.0   10.0
  219   -15.0     7.0   10.0
  220   -15.0     5.0   10.0
  221   -15.0     3.0   10.0
  222   -15.0     1.0   10.0
  223   -15.0    -1.0   10.0
  224   -15.0    -3.0   10.0
  225   -15.0    -5.0   10.0
  226   -15.0    -7.0   10.0
  227   -15.0    -9.0   10.0
  228   -15.0   -11.0   10.0
  229   -15.0   -13.0   10.0
  230   -15.0   -15.0   10.0
  231   -13.0   -15.0   10.0
  232   -11.0   -15.0   10.0
  233    -9.0   -15.0   10.0
  234    -7.0   -15.0   10.0
  235    -5.0   -15.0   10.0
  236    -3.0   -15.0   10.0
  237    -1.0   -15.0   10.0
  238     1.0   -15.0   10.0
  239     3.0   -15.0   10.0
  240     5.0   -15.0   10.0
  241     7.0   -15.0   10.0
  242     9.0   -15.0   10.0
  243    11.0   -15.0   10.0
  244    13.0   -15.0   10.0
  245    15.0   -15.0   10.0
  246    15.0   -13.0   10.0
  247    15.0   -11.0   10.0
  248    15.0    -9.0   10.0
  249    15.0    -7.0   10.0
  250    15.0    -5.0   10.0
  251    15.0    -3.0   10.0
  252    15.0    -1.0   10.0
Node - number of items - height and weight for each item
   0   0
   1   4    3   12    2   10    3   17    4   11
   2   5    1    7    1   15    3   10    1    7    3   11
   3   2    1   22    1   28
   4   2    2   22    1   28
   5   4    4   12    3   10    2   17    3   11
   6   2    1   22    4   28
   7   3    2   15    2   20    1   15
   8   3    1   15    1   20    1   15
   9   2    1   22    3   28
  10   1    2   50
  11   5    2    7    1   15    1   10    3    7    1   11
  12   5    2    7    2   15    1   10    4    7    2   11
  13   1    1   25
  14   4    1    6    4    5    4    8    1    6
  15   5    3    3    3    7    2    5    3    3    1    7
  16   1    2   25
  17   5    3    3    2    7    3    5    1    3    4    7
  18   4    1    6    4    5    4    8    2    6
  19   1    2   25
  20   3    3    7    4   10    1    8
  21   2    3   11    2   14
  22   2    3   11    4   14
  23   5    1    3    3    7    4    5    1    3    1    7
  24   4    2    6    3    5    2    8    2    6
  25   3    2    7    3   10    4    8
  26   2    2   11    3   14
  27   5    1    3    2    7    4    5    3    3    4    7
  28   1    1   25
  29   3    2    7    4   10    1    8
  30   4    3    6    4    5    2    8    1    6
  31   4    2    6    4    5    1    8    4    6
  32   2    3   11    4   14
  33   5    4    6    4   12    2    8    1    6    3    8
  34   5    3    6    4   12    1    8    3    6    2    8
  35   2    2   18    4   22
  36   3    4   12    2   16    3   12
  37   3    2   12    3   16    3   12
  38   2    1   18    4   22
  39   3    1   12    3   16    4   12
  40   2    3   18    2   22
  41   5    4    6    4   12    1    8    2    6    1    8
  42   4    4   10    3    8    1   14    1    8
  43   3    2   12    2   16    1   12
  44   3    1   12    1   16    3   12
  45   5    1    6    3   12    1    8    4    6    4    8
  46   4    4   10    1    8    4   14    3    8
  47   5    4    6    3   12    3    8    2    6    2    8
  48   2    4   18    4   22
  49   5    4    6    1   12    1    8    4    6    2    8
  50   1    1   40
  51   4    1   10    2    8    2   14    3    8
  52   1    4   40
  53   2    1   18    1   22
  54   1    4   40
  55   5    1    6    2   12    1    8    3    6    3    8
  56   2    4   18    2   22
  57   5    1    6    1   12    2    8    3    6    4    8
  58   3    3   12    3   16    1   12
  59   1    4   40
  60   1    3   40
  61   4    4    7    4    6    1   10    3    7
  62   1    3   30
  63   1    1   30
  64   1    1   30
  65   2    1   13    1   17
  66   1    3   30
  67   2    1   13    4   17
  68   4    4    7    4    6    1   10    1    7
  69   4    3    7    3    6    1   10    2    7
  70   2    4   13    4   17
  71   2    1   13    2   17
  72   4    4    7    3    6    2   10    2    7
  73   4    4    7    4    6    2   10    1    7
  74   1    1   30
  75   5    2    4    4    9    2    6    4    4    3    7
  76   2    4   13    1   17
  77   5    4    4    4    9    4    6    3    4    1    7
  78   4    1    7    4    6    4   10    3    7
  79   4    3    7    2    6    2   10    2    7
  80   2    4   13    2   17
  81   2    4   13    3   17
  82   3    3    9    4   12    2    9
  83   1    2   30
  84   2    4   13    3   17
  85   1    3   30
  86   3    1    9    2   12    1    9
  87   2    4   13    1   17
  88   5    3    4    3    9    3    6    4    4    4    7
  89   3    3    9    4   12    3    9
  90   1    2   30
  91   2    4   13    2   17
  92   5    1    4    1    9    2    6    2    4    3    7
  93   4    3    7    1    6    3   10    1    7
  94   1    2   30
  95   1    2   30
  96   1    1   30
  97   5    1    3    1    6    4    4    3    3    3    5
  98   3    4    6    1    8    3    7
  99   4    1    5    3    4    2    7    2    5
 100   4    3    5    1    4    2    7    3    5
 101   4    1    5    1    4    1    7    4    5
 102   1    4   21
 103   3    4    6    4    8    2    7
 104   4    3    5    4    4    1    7    4    5
 105   4    3    5    1    4    1    7    3    5
 106   2    1    9    3   12
 107   5    4    3    4    6    2    4    3    3    4    5
 108   5    2    3    3    6    1    4    4    3    2    5
 109   1    3   21
 110   2    1    9    3   12
 111   1    1   21
 112   1    1   21
 113   5    4    3    1    6    1    4    2    3    1    5
 114   5    1    3    2    6    2    4    1    3    3    5
 115   5    2    3    2    6    4    4    1    3    3    5
 116   5    3    3    1    6    1    4    3    3    4    5
 117   3    4    6    1    8    2    7
 118   5    1    3    2    6    1    4    4    3    2    5
 119   5    1    3    4    6    1    4    2    3    4    5
 120   1    1   21
 121   2    1    9    2   12
 122   4    4    5    4    4    3    7    1    5
 123   1    4   21
 124   5    2    3    1    6    1    4    3    3    1    5
 125   3    1    6    1    8    1    7
 126   1    3   21
 127   2    2    9    4   12
 128   1    3   21
 129   2    4    9    2   12
 130   3    2    6    2    8    2    7
 131   2    3    9    2   12
 132   1    4   21
 133   4    1    5    3    4    4    7    1    5
 134   2    4    9    4   12
 135   1    4   21
 136   2    1    9    2   12
 137   3    4    6    2    8    3    7
 138   2    4    9    2   12
 139   3    3    6    1    8    1    7
 140   1    1   21
 141   1    4   15
 142   2    1    6    3    9
 143   5    4    2    2    4    4    3    2    2    2    4
 144   3    2    4    4    6    3    5
 145   5    3    2    2    4    4    3    3    2    3    4
 146   3    3    4    2    6    4    5
 147   4    3    3    4    3    4    5    2    4
 148   4    1    3    3    3    4    5    1    4
 149   4    4    3    2    3    4    5    3    4
 150   5    4    2    1    4    2    3    1    2    2    4
 151   5    2    2    3    4    3    3    3    2    1    4
 152   5    2    2    3    4    1    3    1    2    3    4
 153   1    2   15
 154   1    2   15
 155   3    3    4    4    6    1    5
 156   4    1    3    2    3    1    5    1    4
 157   3    3    4    2    6    3    5
 158   1    2   15
 159   3    3    4    1    6    2    5
 160   3    1    4    1    6    3    5
 161   4    3    3    4    3    3    5    4    4
 162   4    3    3    2    3    3    5    3    4
 163   3    2    4    3    6    3    5
 164   5    1    2    2    4    1    3    3    2    4    4
 165   2    4    6    4    9
 166   5    3    2    2    4    3    3    3    2    1    4
 167   2    1    6    2    9
 168   3    3    4    3    6    3    5
 169   5    4    2    3    4    4    3    1    2    2    4
 170   2    1    6    3    9
 171   1    4   15
 172   4    1    3    4    3    4    5    4    4
 173   2    1    6    3    9
 174   1    4   15
 175   2    1    6    1    9
 176   2    4    6    3    9
 177   3    2    4    4    6    1    5
 178   5    4    2    4    4    3    3    3    2    3    4
 179   3    3    4    3    6    3    5
 180   5    1    2    2    4    2    3    2    2    1    4
 181   4    1    3    1    3    3    5    2    4
 182   1    2   15
 183   3    1    4    4    6    2    5
 184   5    1    2    3    4    2    3    1    2    1    4
 185   5    4    2    1    4    1    3    2    2    4    4
 186   3    3    4    4    6    4    5
 187   3    1    4    2    6    2    5
 188   4    3    3    4    3    3    5    4    4
 189   5    1    2    4    4    2    3    1    2    2    4
 190   2    2    6    3    9
 191   5    1    2    2    4    3    3    3    2    4    4
 192   1    4   15
 193   2    3    4    4    6
 194   2    4    4    1    6
 195   5    2    1    1    3    1    2    2    1    2    3
 196   2    2    4    3    6
 197   5    2    1    1    3    3    2    1    1    3    3
 198   4    3    2    2    2    1    3    4    3
 199   1    1   10
 200   3    2    3    4    4    3    3
 201   5    3    1    1    3    3    2    1    1    3    3
 202   4    1    2    2    2    2    3    3    3
 203   1    2   10
 204   4    4    2    1    2    1    3    3    3
 205   2    3    4    3    6
 206   4    4    2    4    2    2    3    3    3
 207   2    2    4    2    6
 208   2    4    4    2    6
 209   1    1   10
 210   5    1    1    3    3    3    2    2    1    2    3
 211   1    4   10
 212   4    2    2    4    2    4    3    1    3
 213   1    1   10
 214   2    4    4    1    6
 215   3    4    3    4    4    1    3
 216   3    4    3    2    4    1    3
 217   3    3    3    1    4    4    3
 218   1    2   10
 219   5    4    1    2    3    4    2    1    1    2    3
 220   1    1   10
 221   5    3    1    4    3    1    2    4    1    2    3
 222   3    3    3    3    4    3    3
 223   2    3    4    2    6
 224   2    3    4    4    6
 225   2    1    4    3    6
 226   2    4    4    3    6
 227   4    3    2    4    2    2    3    1    3
 228   4    4    2    1    2    1    3    3    3
 229   4    3    2    1    2    4    3    3    3
 230   3    1    3    1    4    3    3
 231   1    2   10
 232   2    3    4    1    6
 233   5    1    1    2    3    2    2    2    1    4    3
 234   4    1    2    4    2    3    3    2    3
 235   5    3    1    1    3    4    2    1    1    1    3
 236   5    2    1    4    3    2    2    2    1    4    3
 237   5    1    1    3    3    2    2    4    1    2    3
 238   2    4    4    1    6
 239   3    2    3    4    4    2    3
 240   3    1    3    3    4    1    3
 241   1    3   10
 242   3    3    3    4    4    1    3
 243   4    1    2    4    2    4    3    1    3
 244   5    3    1    2    3    1    2    2    1    4    3
 245   2    4    4    1    6
 246   3    2    3    1    4    2    3
 247   5    2    1    2    3    4    2    2    1    4    3
 248   5    3    1    2    3    4    2    2    1    4    3
 249   5    3    1    3    3    4    2    4    1    4    3
 250   4    4    2    3    2    4    3    2    3
 251   4    3    2    1    2    1    3    4    3
 252   2    4    4    3    6
