Instance: E076-07s.dat
Class:  5
   75 --- number of customers (no depot)
   17 --- number of vehicles
    8 --- number of stacks on the vehicle
  202 --- number of items
Capacity of the vehicle - height of each stacks
    900    10
Node - x - y - demand
    0    40.0    40.0     0.0
    1    22.0    22.0    18.0
    2    36.0    26.0    26.0
    3    21.0    45.0    11.0
    4    45.0    35.0    30.0
    5    55.0    20.0    21.0
    6    33.0    34.0    19.0
    7    50.0    50.0    15.0
    8    55.0    45.0    16.0
    9    26.0    59.0    29.0
   10    40.0    66.0    26.0
   11    55.0    65.0    37.0
   12    35.0    51.0    16.0
   13    62.0    35.0    12.0
   14    62.0    57.0    31.0
   15    62.0    24.0     8.0
   16    21.0    36.0    19.0
   17    33.0    44.0    20.0
   18     9.0    56.0    13.0
   19    62.0    48.0    15.0
   20    66.0    14.0    22.0
   21    44.0    13.0    28.0
   22    26.0    13.0    12.0
   23    11.0    28.0     6.0
   24     7.0    43.0    27.0
   25    17.0    64.0    14.0
   26    41.0    46.0    18.0
   27    55.0    34.0    17.0
   28    35.0    16.0    29.0
   29    52.0    26.0    13.0
   30    43.0    26.0    22.0
   31    31.0    76.0    25.0
   32    22.0    53.0    28.0
   33    26.0    29.0    27.0
   34    50.0    40.0    19.0
   35    55.0    50.0    10.0
   36    54.0    10.0    12.0
   37    60.0    15.0    14.0
   38    47.0    66.0    24.0
   39    30.0    60.0    16.0
   40    30.0    50.0    33.0
   41    12.0    17.0    15.0
   42    15.0    14.0    11.0
   43    16.0    19.0    18.0
   44    21.0    48.0    17.0
   45    50.0    30.0    21.0
   46    51.0    42.0    27.0
   47    50.0    15.0    19.0
   48    48.0    21.0    20.0
   49    12.0    38.0     5.0
   50    15.0    56.0    22.0
   51    29.0    39.0    12.0
   52    54.0    38.0    19.0
   53    55.0    57.0    22.0
   54    67.0    41.0    16.0
   55    10.0    70.0     7.0
   56     6.0    25.0    26.0
   57    65.0    27.0    14.0
   58    40.0    60.0    21.0
   59    70.0    64.0    24.0
   60    64.0     4.0    13.0
   61    36.0     6.0    15.0
   62    30.0    20.0    18.0
   63    20.0    30.0    11.0
   64    15.0     5.0    28.0
   65    50.0    70.0     9.0
   66    57.0    72.0    37.0
   67    45.0    42.0    30.0
   68    38.0    33.0    10.0
   69    50.0     4.0     8.0
   70    66.0     8.0    11.0
   71    59.0     5.0     3.0
   72    35.0    60.0     1.0
   73    27.0    24.0     6.0
   74    40.0    20.0    10.0
   75    40.0    37.0    20.0
Node - number of items - height and weight for each item
   0   0
   1   2    2    9    4    9
   2   4    4    6    2    6    2    6    4    8
   3   4    4    2    3    2    1    2    2    5
   4   1    4   30
   5   3    2    6    2    6    1    9
   6   2    1    9    3   10
   7   1    2   15
   8   4    2    4    3    4    4    4    1    4
   9   2    3   14    3   15
  10   1    2   26
  11   5    1    7    3    7    3    7    3    7    4    9
  12   4    1    4    2    4    4    4    4    4
  13   2    4    6    2    6
  14   1    3   31
  15   4    4    2    4    2    4    2    4    2
  16   4    4    4    1    4    3    4    4    7
  17   4    1    5    4    5    4    5    2    5
  18   1    2   13
  19   1    4   15
  20   3    4    6    2    6    3   10
  21   2    3   14    2   14
  22   3    1    3    4    3    1    6
  23   1    2    6
  24   3    2    8    4    8    4   11
  25   2    2    7    2    7
  26   1    2   18
  27   3    1    5    4    5    3    7
  28   2    3   14    2   15
  29   1    4   13
  30   5    4    4    2    4    1    4    4    4    2    6
  31   4    1    6    3    6    1    6    2    7
  32   1    4   28
  33   3    4    8    4    8    1   11
  34   5    2    3    2    3    1    3    4    3    2    7
  35   4    3    2    2    2    2    2    4    4
  36   1    1   12
  37   4    3    3    2    3    1    3    4    5
  38   3    1    7    1    7    1   10
  39   3    3    4    1    4    3    8
  40   1    2   33
  41   5    3    3    2    3    1    3    3    3    2    3
  42   2    1    5    3    6
  43   5    3    3    1    3    4    3    3    3    4    6
  44   4    3    4    4    4    2    4    3    5
  45   2    1   10    4   11
  46   1    1   27
  47   2    4    9    2   10
  48   4    3    5    3    5    1    5    1    5
  49   1    1    5
  50   1    1   22
  51   3    4    3    2    3    1    6
  52   2    2    9    2   10
  53   3    2    6    1    6    3   10
  54   1    2   16
  55   1    3    7
  56   1    3   26
  57   1    2   14
  58   5    2    4    3    4    3    4    3    4    2    5
  59   3    2    7    4    7    3   10
  60   3    3    3    2    3    3    7
  61   3    1    4    4    4    3    7
  62   4    1    4    1    4    2    4    4    6
  63   1    1   11
  64   1    3   28
  65   1    1    9
  66   4    4    9    2    9    3    9    4   10
  67   5    4    6    2    6    2    6    1    6    3    6
  68   4    3    2    1    2    2    2    3    4
  69   4    1    2    1    2    3    2    4    2
  70   4    4    2    3    2    2    2    3    5
  71   1    3    3
  72   1    4    1
  73   1    3    6
  74   1    1   10
  75   5    2    4    4    4    3    4    3    4    4    4
