Instance: E033-03n.DAT
Class:  2
   32 --- number of customers (no depot)
    7 --- number of vehicles
    8 --- number of stacks on the vehicle
   44 --- number of items
Capacity of the vehicle - height of each stacks
    900    10
Node - x - y - demand
    0   250.0   200.0    0.0
    1    10.0   260.0   56.0
    2   313.0   382.0   50.0
    3   467.0    67.0   51.0
    4   205.0   254.0   53.0
    5   275.0    34.0   52.0
    6   269.0   262.0   38.0
    7   293.0   269.0   22.0
    8   333.0   212.0    9.0
    9   304.0   202.0   39.0
   10   286.0   207.0   39.0
   11   288.0   191.0   44.0
   12   295.0   235.0   49.0
   13    50.0   249.0   47.0
   14   484.0   179.0   47.0
   15   447.0   189.0   42.0
   16   215.0   204.0   31.0
   17    22.0   255.0   22.0
   18   267.0   316.0   22.0
   19   391.0   196.0   25.0
   20   399.0   122.0   32.0
   21   363.0   187.0   46.0
   22   355.0   236.0   40.0
   23   378.0   203.0   49.0
   24   458.0   218.0   42.0
   25   383.0   181.0   49.0
   26   240.0   326.0   46.0
   27   273.0   349.0   40.0
   28   278.0   374.0   50.0
   29   352.0   271.0   53.0
   30   324.0   295.0   54.0
   31   249.0   250.0   56.0
   32    65.0   248.0   53.0
Node - number of items - height and weight for each item
   0   0
   1   1    1   56
   2   2    2   222       28
   3   1    1   51
   4   1    4   53
   5   1    1   52
   6   1    3   38
   7   2    4    9    3   13
   8   1    2    9
   9   1    4   39
  10   1    1   39
  11   1    3   44
  12   1    4   49
  13   1    4   47
  14   2    2   21    2   26
  15   1    2   42
  16   2    4   13    1   18
  17   2    3    9    4   13
  18   1    3   22
  19   1    3   25
  20   1    1   32
  21   1    4   46
  22   2    1   18    4   22
  23   1    4   49
  24   2    4   18    3   24
  25   1    1   49
  26   2    4   20    3   26
  27   2    2   18    1   22
  28   2    1   22    3   28
  29   1    4   53
  30   1    4   54
  31   2    1   25    2   31
  32   2    4   23    4   30
