Instance: E030-03g.dat
Class:  5
   29 --- number of customers (no depot)
    7 --- number of vehicles
    8 --- number of stacks on the vehicle
   86 --- number of items
Capacity of the vehicle - height of each stacks
    900    10
Node - x - y - demand
    0   162.0   354.0    0.0
    1   218.0   382.0   42.0
    2   218.0   358.0   38.0
    3   201.0   370.0   53.0
    4   214.0   371.0   61.0
    5   224.0   370.0   38.0
    6   210.0   382.0   59.0
    7   104.0   354.0   36.0
    8   126.0   338.0   56.0
    9   119.0   340.0   36.0
   10   129.0   349.0   26.0
   11   126.0   347.0   32.0
   12   125.0   346.0    5.0
   13   116.0   355.0   29.0
   14   126.0   335.0   36.0
   15   125.0   355.0   15.0
   16   119.0   357.0   30.0
   17   115.0   341.0   23.0
   18   153.0   351.0   36.0
   19   175.0   363.0   50.0
   20   180.0   360.0   50.0
   21   159.0   331.0   40.0
   22   188.0   357.0   61.0
   23   152.0   349.0   33.0
   24   215.0   389.0   38.0
   25   212.0   394.0   45.0
   26   188.0   393.0   51.0
   27   207.0   406.0   57.0
   28   184.0   410.0   42.0
   29   207.0   392.0   43.0
Node - number of items - height and weight for each item
   0   0
   1   1    1   42
   2   2    2   17    3   21
   3   3    1   15    4   21    1   17
   4   5    3    9    4   18    3   12    2    9    4   13
   5   2    1   17    3   21
   6   3    4   17    4   23    2   19
   7   1    2   36
   8   1    2   56
   9   5    4    5    1   10    3    7    4    5    3    9
  10   3    3    7    1   10    4    9
  11   3    1    9    4   12    4   11
  12   5    4    0    3    1    1    1    4    0    3    3
  13   3    2    8    1   11    1   10
  14   5    3    5    4   10    4    7    1    5    2    9
  15   4    4    3    4    3    4    5    4    4
  16   2    2   13    2   17
  17   4    1    5    4    4    3    8    1    6
  18   3    2   10    1   14    2   12
  19   2    1   22    1   28
  20   2    3   22    2   28
  21   1    4   40
  22   2    4   27    1   34
  23   3    2    9    3   13    2   11
  24   2    1   17    3   21
  25   1    3   45
  26   5    3    7    2   15    1   10    2    7    2   12
  27   5    2    8    1   17    2   11    4    8    4   13
  28   3    1   12    2   16    4   14
  29   5    3    6    4   12    2    8    1    6    4   11
