Instance: E200-16b.dat
Class:  4
  199 --- number of customers (no depot)
   42 --- number of vehicles
    8 --- number of stacks on the vehicle
  513 --- number of items
Capacity of the vehicle - height of each stacks
    900    10
Node - x - y - demand
    0    35.0    35.0     0.0
    1    41.0    49.0    10.0
    2    35.0    17.0     7.0
    3    55.0    45.0    13.0
    4    55.0    20.0    19.0
    5    15.0    30.0    26.0
    6    25.0    30.0     3.0
    7    20.0    50.0     5.0
    8    10.0    43.0     9.0
    9    55.0    60.0    16.0
   10    30.0    60.0    16.0
   11    20.0    65.0    12.0
   12    50.0    35.0    19.0
   13    30.0    25.0    23.0
   14    15.0    10.0    20.0
   15    30.0     5.0     8.0
   16    10.0    20.0    19.0
   17     5.0    30.0     2.0
   18    20.0    40.0    12.0
   19    15.0    60.0    17.0
   20    45.0    65.0     9.0
   21    45.0    20.0    11.0
   22    45.0    10.0    18.0
   23    55.0     5.0    29.0
   24    65.0    35.0     3.0
   25    65.0    20.0     6.0
   26    45.0    30.0    17.0
   27    35.0    40.0    16.0
   28    41.0    37.0    16.0
   29    64.0    42.0     9.0
   30    40.0    60.0    21.0
   31    31.0    52.0    27.0
   32    35.0    69.0    23.0
   33    53.0    52.0    11.0
   34    65.0    55.0    14.0
   35    63.0    65.0     8.0
   36     2.0    60.0     5.0
   37    20.0    20.0     8.0
   38     5.0     5.0    16.0
   39    60.0    12.0    31.0
   40    40.0    25.0     9.0
   41    42.0     7.0     5.0
   42    24.0    12.0     5.0
   43    23.0     3.0     7.0
   44    11.0    14.0    18.0
   45     6.0    38.0    16.0
   46     2.0    48.0     1.0
   47     8.0    56.0    27.0
   48    13.0    52.0    36.0
   49     6.0    68.0    30.0
   50    47.0    47.0    13.0
   51    49.0    58.0    10.0
   52    27.0    43.0     9.0
   53    37.0    31.0    14.0
   54    57.0    29.0    18.0
   55    63.0    23.0     2.0
   56    53.0    12.0     6.0
   57    32.0    12.0     7.0
   58    36.0    26.0    18.0
   59    21.0    24.0    28.0
   60    17.0    34.0     3.0
   61    12.0    24.0    13.0
   62    24.0    58.0    19.0
   63    27.0    69.0    10.0
   64    15.0    77.0     9.0
   65    62.0    77.0    20.0
   66    49.0    73.0    25.0
   67    67.0     5.0    25.0
   68    56.0    39.0    36.0
   69    37.0    47.0     6.0
   70    37.0    56.0     5.0
   71    57.0    68.0    15.0
   72    47.0    16.0    25.0
   73    44.0    17.0     9.0
   74    46.0    13.0     8.0
   75    49.0    11.0    18.0
   76    49.0    42.0    13.0
   77    53.0    43.0    14.0
   78    61.0    52.0     3.0
   79    57.0    48.0    23.0
   80    56.0    37.0     6.0
   81    55.0    54.0    26.0
   82    15.0    47.0    16.0
   83    14.0    37.0    11.0
   84    11.0    31.0     7.0
   85    16.0    22.0    41.0
   86     4.0    18.0    35.0
   87    28.0    18.0    26.0
   88    26.0    52.0     9.0
   89    26.0    35.0    15.0
   90    31.0    67.0     3.0
   91    15.0    19.0     1.0
   92    22.0    22.0     2.0
   93    18.0    24.0    22.0
   94    26.0    27.0    27.0
   95    25.0    24.0    20.0
   96    22.0    27.0    11.0
   97    25.0    21.0    12.0
   98    19.0    21.0    10.0
   99    20.0    26.0     9.0
  100    18.0    18.0    17.0
  101    37.0    52.0     7.0
  102    49.0    49.0    30.0
  103    52.0    64.0    16.0
  104    20.0    26.0     9.0
  105    40.0    30.0    21.0
  106    21.0    47.0    15.0
  107    17.0    63.0    19.0
  108    31.0    62.0    23.0
  109    52.0    33.0    11.0
  110    51.0    21.0     5.0
  111    42.0    41.0    19.0
  112    31.0    32.0    29.0
  113     5.0    25.0    23.0
  114    12.0    42.0    21.0
  115    36.0    16.0    10.0
  116    52.0    41.0    15.0
  117    27.0    23.0     3.0
  118    17.0    33.0    41.0
  119    13.0    13.0     9.0
  120    57.0    58.0    28.0
  121    62.0    42.0     8.0
  122    42.0    57.0     8.0
  123    16.0    57.0    16.0
  124     8.0    52.0    10.0
  125     7.0    38.0    28.0
  126    27.0    68.0     7.0
  127    30.0    48.0    15.0
  128    43.0    67.0    14.0
  129    58.0    48.0     6.0
  130    58.0    27.0    19.0
  131    37.0    69.0    11.0
  132    38.0    46.0    12.0
  133    46.0    10.0    23.0
  134    61.0    33.0    26.0
  135    62.0    63.0    17.0
  136    63.0    69.0     6.0
  137    32.0    22.0     9.0
  138    45.0    35.0    15.0
  139    59.0    15.0    14.0
  140     5.0     6.0     7.0
  141    10.0    17.0    27.0
  142    21.0    10.0    13.0
  143     5.0    64.0    11.0
  144    30.0    15.0    16.0
  145    39.0    10.0    10.0
  146    32.0    39.0     5.0
  147    25.0    32.0    25.0
  148    25.0    55.0    17.0
  149    48.0    28.0    18.0
  150    56.0    37.0    10.0
  151    22.0    22.0    18.0
  152    36.0    26.0    26.0
  153    21.0    45.0    11.0
  154    45.0    35.0    30.0
  155    55.0    20.0    21.0
  156    33.0    34.0    19.0
  157    50.0    50.0    15.0
  158    55.0    45.0    16.0
  159    26.0    59.0    29.0
  160    40.0    66.0    26.0
  161    55.0    65.0    37.0
  162    35.0    51.0    16.0
  163    62.0    35.0    12.0
  164    62.0    57.0    31.0
  165    62.0    24.0     8.0
  166    21.0    36.0    19.0
  167    33.0    44.0    20.0
  168     9.0    56.0    13.0
  169    62.0    48.0    15.0
  170    66.0    14.0    22.0
  171    44.0    13.0    28.0
  172    26.0    13.0    12.0
  173    11.0    28.0     6.0
  174     7.0    43.0    27.0
  175    17.0    64.0    14.0
  176    41.0    46.0    18.0
  177    55.0    34.0    17.0
  178    35.0    16.0    29.0
  179    52.0    26.0    13.0
  180    43.0    26.0    22.0
  181    31.0    76.0    25.0
  182    22.0    53.0    28.0
  183    26.0    29.0    27.0
  184    50.0    40.0    19.0
  185    55.0    50.0    10.0
  186    54.0    10.0    12.0
  187    60.0    15.0    14.0
  188    47.0    66.0    24.0
  189    30.0    60.0    16.0
  190    30.0    50.0    33.0
  191    12.0    17.0    15.0
  192    15.0    14.0    11.0
  193    16.0    19.0    18.0
  194    21.0    48.0    17.0
  195    50.0    30.0    21.0
  196    51.0    42.0    27.0
  197    50.0    15.0    19.0
  198    48.0    21.0    20.0
  199    12.0    38.0     5.0
Node - number of items - height and weight for each item
   0   0
   1   4    1    2    3    2    2    2    4    4
   2   3    3    2    2    2    4    3
   3   2    4    6    2    7
   4   1    1   19
   5   3    1    7    2    7    1   12
   6   1    4    3
   7   1    2    5
   8   2    3    4    1    5
   9   2    4    8    1    8
  10   1    1   16
  11   4    1    3    3    3    1    3    3    3
  12   1    1   19
  13   1    1   23
  14   2    3   10    4   10
  15   4    3    2    1    2    2    2    2    2
  16   4    4    4    4    4    3    4    4    7
  17   1    2    2
  18   1    2   12
  19   1    4   17
  20   4    4    2    1    2    3    2    2    3
  21   1    3   11
  22   4    4    4    3    4    4    4    2    6
  23   2    2   14    1   15
  24   1    2    3
  25   1    2    6
  26   1    1   17
  27   3    3    4    2    4    2    8
  28   4    2    4    3    4    1    4    3    4
  29   4    1    2    2    2    1    2    4    3
  30   3    3    6    2    6    2    9
  31   3    4    8    1    8    2   11
  32   3    3    6    1    6    2   11
  33   4    2    2    2    2    2    2    1    5
  34   1    4   14
  35   3    3    2    3    2    4    4
  36   1    1    5
  37   1    4    8
  38   2    3    8    1    8
  39   3    1    9    4    9    2   13
  40   4    3    2    2    2    2    2    4    3
  41   1    4    5
  42   1    2    5
  43   3    1    2    2    2    4    3
  44   2    2    9    2    9
  45   2    4    8    3    8
  46   1    2    1
  47   3    4    8    2    8    3   11
  48   2    3   18    2   18
  49   3    3    9    4    9    4   12
  50   4    1    3    3    3    2    3    4    4
  51   3    4    3    4    3    1    4
  52   2    3    4    2    5
  53   1    3   14
  54   3    2    5    3    5    3    8
  55   1    4    2
  56   1    4    6
  57   4    4    1    1    1    3    1    4    4
  58   2    3    9    4    9
  59   2    4   14    2   14
  60   1    3    3
  61   4    3    3    1    3    1    3    2    4
  62   4    1    4    3    4    1    4    3    7
  63   4    4    2    2    2    2    2    3    4
  64   3    1    2    1    2    4    5
  65   2    1   10    1   10
  66   2    2   12    1   13
  67   2    1   12    2   13
  68   4    1    9    3    9    1    9    1    9
  69   1    3    6
  70   1    3    5
  71   1    3   15
  72   2    2   12    4   13
  73   3    4    2    1    2    4    5
  74   1    1    8
  75   1    4   18
  76   3    2    3    4    3    4    7
  77   3    3    4    4    4    4    6
  78   1    1    3
  79   3    2    6    2    6    4   11
  80   1    2    6
  81   2    3   13    4   13
  82   2    3    8    1    8
  83   2    2    5    1    6
  84   1    2    7
  85   3    4   12    3   12    4   17
  86   4    1    8    2    8    4    8    2   11
  87   4    3    6    4    6    2    6    3    8
  88   1    4    9
  89   4    2    3    3    3    3    3    1    6
  90   1    3    3
  91   1    4    1
  92   1    3    2
  93   2    3   11    2   11
  94   3    4    8    4    8    4   11
  95   3    3    6    2    6    3    8
  96   2    3    5    2    6
  97   4    3    3    2    3    4    3    2    3
  98   2    1    5    2    5
  99   1    2    9
 100   3    4    5    1    5    1    7
 101   1    4    7
 102   1    4   30
 103   3    4    4    2    4    2    8
 104   3    4    2    4    2    2    5
 105   3    2    6    1    6    2    9
 106   2    1    7    3    8
 107   4    3    4    1    4    2    4    1    7
 108   4    1    5    1    5    3    5    1    8
 109   4    3    2    4    2    1    2    2    5
 110   1    1    5
 111   2    1    9    2   10
 112   3    3    8    1    8    4   13
 113   2    4   11    3   12
 114   1    1   21
 115   1    2   10
 116   3    1    4    3    4    3    7
 117   1    1    3
 118   1    3   41
 119   4    3    2    4    2    2    2    2    3
 120   1    4   28
 121   2    2    4    4    4
 122   1    3    8
 123   3    3    4    2    4    4    8
 124   2    4    5    2    5
 125   4    2    7    3    7    1    7    3    7
 126   1    3    7
 127   3    3    4    1    4    1    7
 128   4    1    3    2    3    2    3    3    5
 129   1    1    6
 130   4    3    4    1    4    2    4    3    7
 131   4    3    2    1    2    2    2    2    5
 132   4    3    3    1    3    4    3    1    3
 133   3    3    6    4    6    3   11
 134   2    3   13    2   13
 135   2    1    8    1    9
 136   1    1    6
 137   4    3    2    4    2    3    2    3    3
 138   1    3   15
 139   4    3    3    3    3    4    3    3    5
 140   1    4    7
 141   3    4    8    1    8    1   11
 142   3    2    3    3    3    1    7
 143   2    2    5    1    6
 144   3    1    4    2    4    3    8
 145   4    3    2    1    2    3    2    4    4
 146   1    1    5
 147   4    4    6    1    6    4    6    3    7
 148   1    2   17
 149   3    2    5    3    5    3    8
 150   3    2    3    4    3    4    4
 151   3    3    5    1    5    2    8
 152   1    3   26
 153   4    1    2    3    2    2    2    2    5
 154   2    3   15    2   15
 155   4    3    5    2    5    3    5    3    6
 156   1    3   19
 157   3    4    4    4    4    2    7
 158   2    4    8    4    8
 159   2    1   14    2   15
 160   4    2    6    2    6    1    6    1    8
 161   2    4   18    4   19
 162   3    4    4    1    4    4    8
 163   4    4    3    2    3    3    3    4    3
 164   4    2    7    2    7    3    7    2   10
 165   3    3    2    4    2    4    4
 166   4    2    4    2    4    2    4    1    7
 167   2    3   10    3   10
 168   4    3    3    4    3    3    3    3    4
 169   1    4   15
 170   4    2    5    4    5    4    5    4    7
 171   3    3    8    3    8    2   12
 172   2    3    6    4    6
 173   1    2    6
 174   2    1   13    3   14
 175   2    2    7    4    7
 176   2    3    9    2    9
 177   2    4    8    3    9
 178   1    4   29
 179   3    2    3    4    3    3    7
 180   3    4    6    2    6    2   10
 181   3    1    7    4    7    4   11
 182   2    2   14    2   14
 183   2    1   13    4   14
 184   3    3    5    1    5    2    9
 185   2    4    5    3    5
 186   1    3   12
 187   4    1    3    3    3    1    3    2    5
 188   4    4    6    3    6    1    6    3    6
 189   4    3    4    2    4    3    4    4    4
 190   2    4   16    1   17
 191   2    2    7    4    8
 192   1    2   11
 193   4    4    4    2    4    1    4    3    6
 194   1    4   17
 195   2    4   10    4   11
 196   2    2   13    2   14
 197   4    1    4    3    4    4    4    4    7
 198   4    2    5    4    5    4    5    1    5
 199   1    2    5
