Instance: E022-06m.dat
Class:  4
   21 --- number of customers (no depot)
    6 --- number of vehicles
    8 --- number of stacks on the vehicle
   57 --- number of items
Capacity of the vehicle - height of each stacks
    900    10
Node - x - y - demand
    0   145.0   215.0    0.0
    1   151.0   264.0  131.0
    2   159.0   261.0   99.0
    3   130.0   254.0   91.0
    4   128.0   252.0  159.0
    5   163.0   247.0  128.0
    6   146.0   246.0  153.0
    7   161.0   242.0  164.0
    8   142.0   239.0  135.0
    9   163.0   236.0  120.0
   10   148.0   232.0  144.0
   11   128.0   231.0  143.0
   12   156.0   217.0  152.0
   13   129.0   214.0  140.0
   14   146.0   208.0  132.0
   15   164.0   208.0  147.0
   16   141.0   206.0   79.0
   17   147.0   193.0   62.0
   18   164.0   193.0   50.0
   19   129.0   189.0   66.0
   20   155.0   185.0   50.0
   21   139.0   182.0   53.0
Node - number of items - height and weight for each item
   0   0
   1   3    2   39    2   52    3   40
   2   1    1   99
   3   1    1   91
   4   3    3   47    2   63    3   49
   5   2    3   57    2   71
   6   3    4   45    1   61    4   47
   7   4    2   41    4   32    4   57    4   34
   8   4    4   33    1   27    1   47    4   28
   9   2    3   54    1   66
  10   3    1   43    2   57    1   44
  11   3    4   42    4   57    3   44
  12   1    3  152
  13   4    2   35    4   28    1   49    4   28
  14   4    4   33    2   26    1   46    2   27
  15   1    1  147
  16   2    1   35    3   44
  17   3    2   18    4   24    1   20
  18   2    4   22    1   28
  19   4    4   16    2   13    2   23    2   14
  20   3    1   15    1   20    2   15
  21   4    1   13    1   10    3   18    3   12
