Instance: E041-14h.dat
Class:  5
   40 --- number of customers (no depot)
   14 --- number of vehicles
    8 --- number of stacks on the vehicle
  127 --- number of items
Capacity of the vehicle - height of each stacks
    900    10
Node - x - y - demand
    0    40.0    40.0     0.0
    1    22.0    22.0    18.0
    2    36.0    26.0    26.0
    3    21.0    45.0    11.0
    4    45.0    35.0    30.0
    5    55.0    20.0    21.0
    6    33.0    34.0    19.0
    7    50.0    50.0    15.0
    8    55.0    45.0    16.0
    9    26.0    59.0    29.0
   10    40.0    66.0    26.0
   11    55.0    65.0    37.0
   12    35.0    51.0    16.0
   13    62.0    35.0    12.0
   14    62.0    57.0    31.0
   15    62.0    24.0     8.0
   16    21.0    36.0    19.0
   17    33.0    44.0    20.0
   18     9.0    56.0    13.0
   19    62.0    48.0    15.0
   20    66.0    14.0    22.0
   21    44.0    13.0    28.0
   22    26.0    13.0    12.0
   23    11.0    28.0     6.0
   24     7.0    43.0    27.0
   25    17.0    64.0    14.0
   26    41.0    46.0    18.0
   27    55.0    34.0    17.0
   28    35.0    16.0    29.0
   29    52.0    26.0    13.0
   30    43.0    26.0    22.0
   31    31.0    76.0    25.0
   32    22.0    53.0    28.0
   33    26.0    29.0    27.0
   34    50.0    40.0    19.0
   35    55.0    50.0    10.0
   36    54.0    10.0    12.0
   37    60.0    15.0    14.0
   38    47.0    66.0    24.0
   39    30.0    60.0    16.0
   40    30.0    50.0    33.0
Node - number of items - height and weight for each item
   0   0
   1   1    4   18
   2   4    3    6    4    6    3    6    1    8
   3   4    3    2    3    2    1    2    2    5
   4   2    2   15    4   15
   5   4    1    5    4    5    1    5    4    6
   6   3    2    5    2    5    4    9
   7   2    1    7    3    8
   8   3    2    4    1    4    1    8
   9   1    1   29
  10   1    3   26
  11   2    1   18    2   19
  12   5    3    3    2    3    2    3    1    3    2    4
  13   3    2    3    1    3    2    6
  14   2    4   15    4   16
  15   1    1    8
  16   3    2    5    2    5    3    9
  17   1    4   20
  18   4    4    3    2    3    1    3    4    4
  19   5    1    3    2    3    2    3    4    3    3    3
  20   2    1   11    4   11
  21   4    4    7    4    7    1    7    3    7
  22   5    2    2    2    2    3    2    2    2    3    4
  23   1    2    6
  24   5    3    5    2    5    1    5    2    5    3    7
  25   3    3    4    2    4    3    6
  26   4    1    4    4    4    1    4    2    6
  27   5    2    3    2    3    4    3    1    3    2    5
  28   4    4    7    1    7    2    7    2    8
  29   5    2    2    1    2    4    2    1    2    3    5
  30   3    2    6    1    6    2   10
  31   5    3    5    3    5    3    5    4    5    1    5
  32   5    2    5    2    5    3    5    1    5    1    8
  33   4    1    6    3    6    1    6    1    9
  34   3    4    5    2    5    1    9
  35   5    3    2    1    2    3    2    1    2    4    2
  36   2    2    6    4    6
  37   3    2    4    4    4    2    6
  38   3    3    7    4    7    1   10
  39   3    3    4    1    4    2    8
  40   2    4   16    4   17
