Instance: E135-07f.dat
Class:  5
  134 --- number of customers (no depot)
   28 --- number of vehicles
    8 --- number of stacks on the vehicle
  422 --- number of items
Capacity of the vehicle - height of each stacks
    900    10
Node - x - y - demand
    0    -6.0    15.0    0.0
    1     3.2     5.1   54.0
    2    24.6     8.3   62.0
    3    23.3     1.3   97.0
    4    27.8     8.3   63.0
    5    29.0     8.0   61.0
    6    31.0     8.0  117.0
    7    33.5    10.5  109.0
    8    30.0    10.5   87.0
    9    29.0    10.0  106.0
   10    26.5    11.7  111.0
   11    28.3    14.3   48.0
   12    27.0    14.3    6.0
   13    23.5    19.0   94.0
   14    26.0    20.0   74.0
   15    25.0    20.0   38.0
   16    20.5    19.0   56.0
   17   -20.0    13.0   69.0
   18   -21.0    14.0   67.0
   19   -30.0    30.0   83.0
   20    -5.0    30.0   89.0
   21     1.3    17.8   23.0
   22     1.8    13.8  102.0
   23     1.8    13.1   49.0
   24     2.0    13.6   54.0
   25     4.8    17.0   78.0
   26     7.0    15.0   93.0
   27     9.8    16.6   39.0
   28    11.4    14.5   75.0
   29    14.4    11.3   15.0
   30    11.0    12.0   97.0
   31     9.3    10.7   50.0
   32     0.6     2.8   97.0
   33   -30.0   -10.0  117.0
   34     2.0     0.0   79.0
   35    14.5     1.0   88.0
   36    15.0     1.8   83.0
   37    17.2     2.4   60.0
   38    17.2     4.2  119.0
   39    18.2     4.4   47.0
   40    20.3     2.1  101.0
   41    22.8     3.1   78.0
   42    23.0     4.0   75.0
   43    20.8     4.0   70.0
   44    20.8     4.0   74.0
   45    18.5     6.4   82.0
   46   -14.0    16.0  106.0
   47    -0.5     6.9  100.0
   48     3.2     2.8  109.0
   49     5.6     1.8   89.0
   50     8.7     2.8  108.0
   51     9.0     3.3   99.0
   52     9.0     3.5   72.0
   53    11.2     3.3  102.0
   54    10.8     4.7   78.0
   55    11.5     4.6   77.0
   56    12.3     4.7   11.0
   57    12.3     5.5   12.0
   58    11.2     6.9   16.0
   59     6.5     9.7   19.0
   60     5.8     8.5   15.0
   61     7.2     6.0   18.0
   62     7.2     4.0   15.0
   63    -4.0    -4.0   18.0
   64    -3.0     1.2   13.0
   65   -40.0    49.0   17.0
   66   -15.0    10.0   15.0
   67   -11.0   -10.0   14.0
   68   -25.0   -20.0   14.0
   69   -25.0   -35.0   40.0
   70   -24.0   -35.0   40.0
   71   -18.0    10.0   48.0
   72    -2.0    10.0  104.0
   73    -4.0     8.0   98.0
   74    -3.0     5.0  104.0
   75     2.1     6.2   99.0
   76    -1.7     3.0   90.0
   77    -3.0     2.0   93.0
   78    -7.0     0.0   93.0
   79    -3.0    -6.0   99.0
   80   -30.0   -11.0  102.0
   81   -62.0   -10.0   97.0
   82    -8.0    30.0   91.0
   83     1.0    60.0  102.0
   84    10.0    52.0   98.0
   85    10.0    52.0  102.0
   86    10.0    51.0   99.0
   87    16.0    29.0  102.0
   88    26.0    21.0  116.0
   89    16.0    21.0  115.0
   90    15.5    19.2  113.0
   91     0.0    16.5  110.0
   92    17.2    14.3  112.0
   93    16.5     7.8  110.0
   94    16.9     7.7  110.0
   95    18.0     2.0  113.0
   96    16.2     4.0   13.0
   97    15.0     4.0   13.0
   98    15.0     3.0   13.0
   99    14.8     2.4   18.0
  100    14.5     3.0   12.0
  101    13.0     2.6   76.0
  102    11.8     3.0    5.0
  103    12.0     4.0   10.0
  104    12.8     3.6   60.0
  105    13.4     5.5   26.0
  106  -150.0     8.0   89.0
  107  -152.0     1.0   39.0
  108  -152.0     0.0   52.0
  109  -142.0   -31.0   33.0
  110   -78.0   -19.0   93.0
  111   -78.0   -18.0   90.0
  112   -78.0   -17.0   13.0
  113   -80.0   -14.0   63.0
  114  -118.0    22.0   79.0
  115  -107.0    30.0  108.0
  116   -85.0    14.0  106.0
  117   -78.0    15.0  107.0
  118   -15.0    16.0  109.0
  119   -62.0    32.0  100.0
  120  -120.0   -20.0  109.0
  121   -90.0   -22.0  116.0
  122   -79.0   -19.0   94.0
  123   -79.0   -18.5  118.0
  124   -79.0   -18.0  117.0
  125   -78.0   -17.5  115.0
  126   -79.0   -17.0  117.0
  127   -80.0   -17.0   93.0
  128   -80.0   -16.0   96.0
  129   -80.0   -15.0   93.0
  130   -48.0    37.0   96.0
  131   -85.0    15.0   97.0
  132   -62.0    -9.0   96.0
  133   -15.0    -4.0  112.0
  134    -1.0     3.2  107.0
Node - number of items - height and weight for each item
   0   0
   1   1    2   54
   2   1    2   62
   3   5    1   14    2   29    2   19    1   14    3   21
   4   4    3   15    3   12    1   22    1   14
   5   2    2   27    3   34
   6   1    3  117
   7   4    2   27    3   21    1   38    2   23
   8   4    3   21    4   17    2   30    1   19
   9   1    4  106
  10   5    1   16    3   33    4   22    2   16    1   24
  11   2    1   21    3   27
  12   5    4    0    4    1    2    1    2    0    3    4
  13   4    1   23    2   18    3   32    2   21
  14   3    2   22    4   29    1   23
  15   3    2   11    1   15    4   12
  16   2    3   25    1   31
  17   2    2   31    1   38
  18   2    1   30    1   37
  19   2    2   37    3   46
  20   3    4   26    4   35    2   28
  21   5    4    3    3    6    1    4    4    3    2    7
  22   5    1   15    1   30    1   20    2   15    2   22
  23   3    4   14    4   19    4   16
  24   1    2   54
  25   5    1   11    2   23    4   15    3   11    1   18
  26   2    2   41    3   52
  27   4    1    9    2    7    3   13    4   10
  28   1    2   75
  29   4    2    3    4    3    4    5    4    4
  30   5    4   14    3   29    4   19    4   14    1   21
  31   5    1    7    3   15    1   10    4    7    4   11
  32   5    3   14    4   29    3   19    2   14    4   21
  33   3    4   35    4   46    2   36
  34   1    2   79
  35   5    1   13    4   26    1   17    2   13    1   19
  36   5    1   12    2   24    4   16    3   12    2   19
  37   1    1   60
  38   5    3   17    4   35    3   23    4   17    2   27
  39   3    2   14    2   18    3   15
  40   4    2   25    2   20    1   35    2   21
  41   1    4   78
  42   5    1   11    1   22    4   15    4   11    3   16
  43   3    3   21    2   28    2   21
  44   3    1   22    4   29    1   23
  45   2    4   36    3   46
  46   1    2  106
  47   4    4   25    4   20    3   35    1   20
  48   1    2  109
  49   5    4   13    3   26    3   17    2   13    3   20
  50   4    1   27    4   21    3   37    1   23
  51   3    2   29    4   39    2   31
  52   2    2   32    2   40
  53   2    2   45    2   57
  54   5    2   11    2   23    1   15    4   11    1   18
  55   3    1   23    1   30    2   24
  56   1    2   11
  57   4    3    3    1    2    1    4    1    3
  58   4    2    4    2    3    2    5    1    4
  59   4    3    4    2    3    1    6    2    6
  60   2    1    6    2    9
  61   4    4    4    3    3    4    6    1    5
  62   4    1    3    3    3    1    5    2    4
  63   1    3   18
  64   2    2    5    4    8
  65   4    3    4    2    3    2    5    3    5
  66   2    3    6    2    9
  67   2    3    6    1    8
  68   2    1    6    4    8
  69   1    2   40
  70   2    4   18    2   22
  71   4    2   12    4    9    3   16    1   11
  72   1    4  104
  73   3    3   29    2   39    1   30
  74   4    3   26    1   20    4   36    3   22
  75   1    3   99
  76   4    1   22    4   18    4   31    3   19
  77   3    2   27    3   37    1   29
  78   3    4   27    1   37    1   29
  79   4    2   24    3   19    3   34    1   22
  80   4    3   25    2   20    3   35    2   22
  81   4    1   24    1   19    4   33    3   21
  82   5    4   13    3   27    2   18    1   13    1   20
  83   2    4   45    1   57
  84   2    2   44    3   54
  85   2    3   45    3   57
  86   1    2   99
  87   4    2   25    4   20    4   35    2   22
  88   1    3  116
  89   2    3   51    3   64
  90   4    1   28    1   22    1   39    2   24
  91   3    3   33    3   44    2   33
  92   5    4   16    2   33    3   22    4   16    2   25
  93   5    2   16    3   33    4   22    4   16    4   23
  94   1    2  110
  95   5    2   16    2   33    3   22    1   16    1   26
  96   1    2   13
  97   3    3    3    2    5    3    5
  98   5    3    1    1    3    1    2    2    1    3    6
  99   2    2    8    1   10
 100   4    1    3    1    2    3    4    1    3
 101   4    1   19    2   15    1   26    4   16
 102   1    3    5
 103   2    1    4    2    6
 104   1    1   60
 105   1    4   26
 106   3    4   26    4   35    3   28
 107   5    2    5    1   11    1    7    1    5    3   11
 108   5    1    7    2   15    1   10    3    7    4   13
 109   4    4    8    2    6    3   11    1    8
 110   2    4   41    2   52
 111   3    2   27    3   36    1   27
 112   3    1    3    3    5    4    5
 113   3    3   18    3   25    1   20
 114   1    1   79
 115   5    3   16    4   32    2   21    2   16    1   23
 116   5    2   15    3   31    4   21    1   15    2   24
 117   5    2   16    4   32    1   21    3   16    2   22
 118   5    1   16    3   32    3   21    3   16    1   24
 119   3    3   30    4   40    1   30
 120   4    4   27    2   21    2   38    3   23
 121   4    2   29    1   23    2   40    2   24
 122   3    2   28    3   37    2   29
 123   5    4   17    3   35    4   23    1   17    2   26
 124   3    2   35    4   46    2   36
 125   4    1   28    4   23    3   40    4   24
 126   3    4   35    1   46    2   36
 127   5    1   13    4   27    4   18    2   13    3   22
 128   2    2   43    1   53
 129   3    4   27    2   37    1   29
 130   4    1   24    1   19    3   33    4   20
 131   4    1   24    3   19    4   33    2   21
 132   3    2   28    3   38    1   30
 133   5    2   16    3   33    4   22    3   16    2   25
 134   2    3   48    4   59
