Instance: E022-04g.dat
Class:  4
   21 --- number of customers (no depot)
    4 --- number of vehicles
    8 --- number of stacks on the vehicle
   41 --- number of items
Capacity of the vehicle - height of each stacks
    900    10
Node - x - y - demand
    0   145.0   215.0    0.0
    1   151.0   264.0   74.0
    2   159.0   261.0   51.0
    3   130.0   254.0   93.0
    4   128.0   252.0   57.0
    5   163.0   247.0   78.0
    6   146.0   246.0  108.0
    7   161.0   242.0   53.0
    8   142.0   239.0   78.0
    9   163.0   236.0   91.0
   10   148.0   232.0   55.0
   11   128.0   231.0   73.0
   12   156.0   217.0   45.0
   13   129.0   214.0   34.0
   14   146.0   208.0   53.0
   15   164.0   208.0   66.0
   16   141.0   206.0  105.0
   17   147.0   193.0  109.0
   18   164.0   193.0  115.0
   19   129.0   189.0  114.0
   20   155.0   185.0  109.0
   21   139.0   182.0  101.0
Node - number of items - height and weight for each item
   0   0
   1   4    2   18    2   14    3   25    1   17
   2   1    1   51
   3   1    3   93
   4   4    2   14    3   11    3   19    2   13
   5   1    4   78
   6   1    1  108
   7   2    4   23    2   30
   8   1    4   78
   9   2    4   40    4   51
  10   1    4   55
  11   1    1   73
  12   3    1   13    4   18    3   14
  13   1    1   34
  14   4    1   13    2   10    1   18    4   12
  15   1    4   66
  16   1    3  105
  17   4    3   27    2   21    4   38    1   23
  18   2    4   51    4   64
  19   1    2  114
  20   3    1   32    2   43    1   34
  21   2    1   45    3   56
