Instance: E256-14k.dat
Class:  2
  255 --- number of customers (no depot)
   47 --- number of vehicles
    8 --- number of stacks on the vehicle
  387 --- number of items
Capacity of the vehicle - height of each stacks
    900    10
Node - x - y - demand
    0     0.0   -15.0    0.0
    1    -1.0   -14.0   50.0
    2     1.0   -14.0   50.0
    3    -2.0   -13.0   50.0
    4     0.0   -13.0   50.0
    5     2.0   -13.0   50.0
    6    -3.0   -12.0   50.0
    7    -1.0   -12.0   50.0
    8     1.0   -12.0   50.0
    9     3.0   -12.0   50.0
   10    -4.0   -11.0   50.0
   11    -2.0   -11.0   50.0
   12     0.0   -11.0   50.0
   13     2.0   -11.0   25.0
   14     4.0   -11.0   25.0
   15    -5.0   -10.0   25.0
   16    -3.0   -10.0   25.0
   17    -1.0   -10.0   25.0
   18     1.0   -10.0   25.0
   19     3.0   -10.0   25.0
   20     5.0   -10.0   25.0
   21    -6.0    -9.0   25.0
   22    -4.0    -9.0   25.0
   23    -2.0    -9.0   25.0
   24     0.0    -9.0   25.0
   25     2.0    -9.0   25.0
   26     4.0    -9.0   25.0
   27     6.0    -9.0   25.0
   28    -7.0    -8.0   25.0
   29    -5.0    -8.0   25.0
   30    -3.0    -8.0   25.0
   31    -1.0    -8.0   25.0
   32     1.0    -8.0   25.0
   33     3.0    -8.0   40.0
   34     5.0    -8.0   40.0
   35     7.0    -8.0   40.0
   36    -8.0    -7.0   40.0
   37    -6.0    -7.0   40.0
   38    -4.0    -7.0   40.0
   39    -2.0    -7.0   40.0
   40     0.0    -7.0   40.0
   41     2.0    -7.0   40.0
   42     4.0    -7.0   40.0
   43     6.0    -7.0   40.0
   44     8.0    -7.0   40.0
   45    -9.0    -6.0   40.0
   46    -7.0    -6.0   40.0
   47    -5.0    -6.0   40.0
   48    -3.0    -6.0   40.0
   49    -1.0    -6.0   40.0
   50     1.0    -6.0   40.0
   51     3.0    -6.0   40.0
   52     5.0    -6.0   40.0
   53     7.0    -6.0   40.0
   54     9.0    -6.0   40.0
   55   -10.0    -5.0   40.0
   56    -8.0    -5.0   40.0
   57    -6.0    -5.0   40.0
   58    -4.0    -5.0   40.0
   59    -2.0    -5.0   40.0
   60     0.0    -5.0   40.0
   61     2.0    -5.0   30.0
   62     4.0    -5.0   30.0
   63     6.0    -5.0   30.0
   64     8.0    -5.0   30.0
   65    10.0    -5.0   30.0
   66   -11.0    -4.0   30.0
   67    -9.0    -4.0   30.0
   68    -7.0    -4.0   30.0
   69    -5.0    -4.0   30.0
   70    -3.0    -4.0   30.0
   71    -1.0    -4.0   30.0
   72     1.0    -4.0   30.0
   73     3.0    -4.0   30.0
   74     5.0    -4.0   30.0
   75     7.0    -4.0   30.0
   76     9.0    -4.0   30.0
   77    11.0    -4.0   30.0
   78   -12.0    -3.0   30.0
   79   -10.0    -3.0   30.0
   80    -8.0    -3.0   30.0
   81    -6.0    -3.0   30.0
   82    -4.0    -3.0   30.0
   83    -2.0    -3.0   30.0
   84     0.0    -3.0   30.0
   85     2.0    -3.0   30.0
   86     4.0    -3.0   30.0
   87     6.0    -3.0   30.0
   88     8.0    -3.0   30.0
   89    10.0    -3.0   30.0
   90    12.0    -3.0   30.0
   91   -13.0    -2.0   30.0
   92   -11.0    -2.0   30.0
   93    -9.0    -2.0   30.0
   94    -7.0    -2.0   30.0
   95    -5.0    -2.0   30.0
   96    -3.0    -2.0   30.0
   97    -1.0    -2.0   21.0
   98     1.0    -2.0   21.0
   99     3.0    -2.0   21.0
  100     5.0    -2.0   21.0
  101     7.0    -2.0   21.0
  102     9.0    -2.0   21.0
  103    11.0    -2.0   21.0
  104    13.0    -2.0   21.0
  105   -14.0    -1.0   21.0
  106   -12.0    -1.0   21.0
  107   -10.0    -1.0   21.0
  108    -8.0    -1.0   21.0
  109    -6.0    -1.0   21.0
  110    -4.0    -1.0   21.0
  111    -2.0    -1.0   21.0
  112     0.0    -1.0   21.0
  113     2.0    -1.0   21.0
  114     4.0    -1.0   21.0
  115     6.0    -1.0   21.0
  116     8.0    -1.0   21.0
  117    10.0    -1.0   21.0
  118    12.0    -1.0   21.0
  119    14.0    -1.0   21.0
  120   -15.0     0.0   21.0
  121   -13.0     0.0   21.0
  122   -11.0     0.0   21.0
  123    -9.0     0.0   21.0
  124    -7.0     0.0   21.0
  125    -5.0     0.0   21.0
  126    -3.0     0.0   21.0
  127    -1.0     0.0   21.0
  128     1.0     0.0   21.0
  129     3.0     0.0   21.0
  130     5.0     0.0   21.0
  131     7.0     0.0   21.0
  132     9.0     0.0   21.0
  133    11.0     0.0   21.0
  134    13.0     0.0   21.0
  135    15.0     0.0   21.0
  136   -14.0     1.0   21.0
  137   -12.0     1.0   21.0
  138   -10.0     1.0   21.0
  139    -8.0     1.0   21.0
  140    -6.0     1.0   21.0
  141    -4.0     1.0   15.0
  142    -2.0     1.0   15.0
  143     0.0     1.0   15.0
  144     2.0     1.0   15.0
  145     4.0     1.0   15.0
  146     6.0     1.0   15.0
  147     8.0     1.0   15.0
  148    10.0     1.0   15.0
  149    12.0     1.0   15.0
  150    14.0     1.0   15.0
  151   -13.0     2.0   15.0
  152   -11.0     2.0   15.0
  153    -9.0     2.0   15.0
  154    -7.0     2.0   15.0
  155    -5.0     2.0   15.0
  156    -3.0     2.0   15.0
  157    -1.0     2.0   15.0
  158     1.0     2.0   15.0
  159     3.0     2.0   15.0
  160     5.0     2.0   15.0
  161     7.0     2.0   15.0
  162     9.0     2.0   15.0
  163    11.0     2.0   15.0
  164    13.0     2.0   15.0
  165   -12.0     3.0   15.0
  166   -10.0     3.0   15.0
  167    -8.0     3.0   15.0
  168    -6.0     3.0   15.0
  169    -4.0     3.0   15.0
  170    -2.0     3.0   15.0
  171     0.0     3.0   15.0
  172     2.0     3.0   15.0
  173     4.0     3.0   15.0
  174     6.0     3.0   15.0
  175     8.0     3.0   15.0
  176    10.0     3.0   15.0
  177    12.0     3.0   15.0
  178   -11.0     4.0   15.0
  179    -9.0     4.0   15.0
  180    -7.0     4.0   15.0
  181    -5.0     4.0   15.0
  182    -3.0     4.0   15.0
  183    -1.0     4.0   15.0
  184     1.0     4.0   15.0
  185     3.0     4.0   15.0
  186     5.0     4.0   15.0
  187     7.0     4.0   15.0
  188     9.0     4.0   15.0
  189    11.0     4.0   15.0
  190   -10.0     5.0   15.0
  191    -8.0     5.0   15.0
  192    -6.0     5.0   15.0
  193    -4.0     5.0   10.0
  194    -2.0     5.0   10.0
  195     0.0     5.0   10.0
  196     2.0     5.0   10.0
  197     4.0     5.0   10.0
  198     6.0     5.0   10.0
  199     8.0     5.0   10.0
  200    10.0     5.0   10.0
  201    -9.0     6.0   10.0
  202    -7.0     6.0   10.0
  203    -5.0     6.0   10.0
  204    -3.0     6.0   10.0
  205    -1.0     6.0   10.0
  206     1.0     6.0   10.0
  207     3.0     6.0   10.0
  208     5.0     6.0   10.0
  209     7.0     6.0   10.0
  210     9.0     6.0   10.0
  211    -8.0     7.0   10.0
  212    -6.0     7.0   10.0
  213    -4.0     7.0   10.0
  214    -2.0     7.0   10.0
  215     0.0     7.0   10.0
  216     2.0     7.0   10.0
  217     4.0     7.0   10.0
  218     6.0     7.0   10.0
  219     8.0     7.0   10.0
  220    -7.0     8.0   10.0
  221    -5.0     8.0   10.0
  222    -3.0     8.0   10.0
  223    -1.0     8.0   10.0
  224     1.0     8.0   10.0
  225     3.0     8.0   10.0
  226     5.0     8.0   10.0
  227     7.0     8.0   10.0
  228    -6.0     9.0   10.0
  229    -4.0     9.0   10.0
  230    -2.0     9.0   10.0
  231     0.0     9.0   10.0
  232     2.0     9.0   10.0
  233     4.0     9.0   10.0
  234     6.0     9.0   10.0
  235    -5.0    10.0   10.0
  236    -3.0    10.0   10.0
  237    -1.0    10.0   10.0
  238     1.0    10.0   10.0
  239     3.0    10.0   10.0
  240     5.0    10.0   10.0
  241    -4.0    11.0   10.0
  242    -2.0    11.0   10.0
  243     0.0    11.0   10.0
  244     2.0    11.0   10.0
  245     4.0    11.0   10.0
  246    -3.0    12.0   10.0
  247    -1.0    12.0   10.0
  248     1.0    12.0   10.0
  249     3.0    12.0   10.0
  250    -2.0    13.0   10.0
  251     0.0    13.0   10.0
  252     2.0    13.0   10.0
  253    -1.0    14.0   10.0
  254     1.0    14.0   10.0
  255     0.0    15.0   10.0
Node - number of items - height and weight for each item
   0   0
   1   1    3   50
   2   1    2   50
   3   1    3   50
   4   2    3   22    4   28
   5   1    4   50
   6   2    4   22    2   28
   7   2    3   22    4   28
   8   1    2   50
   9   2    2   22    4   28
  10   2    3   22    3   28
  11   2    4   22    1   28
  12   2    2   22    2   28
  13   1    3   25
  14   2    2   11    2   14
  15   2    4   11    3   14
  16   1    4   25
  17   1    3   25
  18   2    4   11    2   14
  19   1    3   25
  20   1    2   25
  21   2    2   11    4   14
  22   1    4   25
  23   2    1   11    4   14
  24   2    1   11    4   14
  25   2    3   11    4   14
  26   1    4   25
  27   1    3   25
  28   1    4   25
  29   1    4   25
  30   2    2   11    3   14
  31   2    2   11    4   14
  32   2    1   11    1   14
  33   1    1   40
  34   2    4   18    3   22
  35   1    4   40
  36   2    4   18    2   22
  37   1    2   40
  38   1    3   40
  39   1    4   40
  40   2    4   18    4   22
  41   2    1   18    4   22
  42   2    1   18    2   22
  43   2    3   18    2   22
  44   1    4   40
  45   1    1   40
  46   2    2   18    1   22
  47   1    1   40
  48   2    1   18    2   22
  49   1    4   40
  50   2    1   18    2   22
  51   1    2   40
  52   1    1   40
  53   2    4   18    3   22
  54   1    1   40
  55   1    2   40
  56   1    1   40
  57   2    1   18    4   22
  58   1    4   40
  59   1    4   40
  60   2    4   18    4   22
  61   1    4   30
  62   1    2   30
  63   2    3   13    3   17
  64   1    3   30
  65   2    2   13    2   17
  66   1    2   30
  67   2    4   13    3   17
  68   1    3   30
  69   1    2   30
  70   1    1   30
  71   2    3   13    2   17
  72   2    4   13    3   17
  73   2    2   13    2   17
  74   2    1   13    2   17
  75   1    2   30
  76   2    3   13    1   17
  77   2    4   13    1   17
  78   1    1   30
  79   2    2   13    3   17
  80   2    3   13    4   17
  81   1    1   30
  82   2    4   13    1   17
  83   1    2   30
  84   2    1   13    3   17
  85   1    2   30
  86   2    3   13    3   17
  87   1    4   30
  88   1    2   30
  89   1    3   30
  90   1    4   30
  91   2    4   13    1   17
  92   1    1   30
  93   1    4   30
  94   1    1   30
  95   2    1   13    2   17
  96   1    3   30
  97   2    2    9    2   12
  98   1    3   21
  99   2    3    9    3   12
 100   2    4    9    3   12
 101   2    2    9    4   12
 102   2    2    9    4   12
 103   1    4   21
 104   2    3    9    2   12
 105   1    1   21
 106   1    2   21
 107   2    3    9    1   12
 108   1    4   21
 109   1    4   21
 110   1    2   21
 111   1    4   21
 112   2    2    9    4   12
 113   1    2   21
 114   2    3    9    3   12
 115   2    4    9    3   12
 116   1    1   21
 117   2    2    9    2   12
 118   2    4    9    4   12
 119   1    4   21
 120   2    1    9    1   12
 121   1    3   21
 122   2    4    9    3   12
 123   1    3   21
 124   2    1    9    3   12
 125   2    2    9    2   12
 126   1    4   21
 127   1    4   21
 128   2    3    9    3   12
 129   2    1    9    3   12
 130   1    1   21
 131   2    1    9    2   12
 132   2    2    9    1   12
 133   1    2   21
 134   1    1   21
 135   2    1    9    2   12
 136   2    1    9    3   12
 137   2    2    9    4   12
 138   1    2   21
 139   2    1    9    3   12
 140   2    1    9    3   12
 141   1    1   15
 142   2    2    6    3    9
 143   2    2    6    4    9
 144   1    1   15
 145   1    2   15
 146   2    1    6    3    9
 147   2    4    6    4    9
 148   2    4    6    4    9
 149   2    3    6    4    9
 150   2    1    6    2    9
 151   2    4    6    1    9
 152   2    4    6    4    9
 153   2    1    6    3    9
 154   1    2   15
 155   2    1    6    2    9
 156   1    2   15
 157   2    4    6    4    9
 158   2    2    6    1    9
 159   1    4   15
 160   2    2    6    2    9
 161   1    4   15
 162   2    3    6    4    9
 163   1    2   15
 164   1    2   15
 165   1    3   15
 166   1    3   15
 167   1    3   15
 168   2    1    6    2    9
 169   2    1    6    4    9
 170   1    3   15
 171   1    4   15
 172   1    2   15
 173   1    1   15
 174   2    2    6    2    9
 175   2    3    6    1    9
 176   1    3   15
 177   1    3   15
 178   2    1    6    2    9
 179   2    4    6    3    9
 180   1    1   15
 181   2    3    6    1    9
 182   2    2    6    3    9
 183   2    1    6    3    9
 184   2    2    6    4    9
 185   2    2    6    4    9
 186   1    4   15
 187   1    1   15
 188   2    2    6    2    9
 189   1    1   15
 190   1    1   15
 191   1    2   15
 192   2    4    6    3    9
 193   2    2    4    3    6
 194   1    1   10
 195   2    1    4    2    6
 196   2    3    4    2    6
 197   1    3   10
 198   2    3    4    3    6
 199   2    1    4    3    6
 200   1    1   10
 201   1    4   10
 202   2    3    4    1    6
 203   2    3    4    1    6
 204   1    4   10
 205   1    4   10
 206   1    1   10
 207   1    1   10
 208   2    1    4    1    6
 209   2    4    4    1    6
 210   1    3   10
 211   2    4    4    2    6
 212   2    2    4    1    6
 213   2    1    4    4    6
 214   1    4   10
 215   1    1   10
 216   2    4    4    2    6
 217   1    1   10
 218   2    3    4    3    6
 219   2    2    4    3    6
 220   1    3   10
 221   1    3   10
 222   1    3   10
 223   1    3   10
 224   2    2    4    2    6
 225   2    2    4    4    6
 226   1    2   10
 227   1    1   10
 228   2    2    4    3    6
 229   2    1    4    2    6
 230   2    4    4    1    6
 231   2    3    4    3    6
 232   2    2    4    2    6
 233   1    3   10
 234   2    4    4    2    6
 235   2    3    4    4    6
 236   2    4    4    2    6
 237   2    2    4    4    6
 238   1    3   10
 239   2    2    4    3    6
 240   1    4   10
 241   1    4   10
 242   2    3    4    3    6
 243   1    1   10
 244   2    1    4    1    6
 245   1    1   10
 246   1    3   10
 247   1    4   10
 248   2    3    4    1    6
 249   2    4    4    2    6
 250   1    2   10
 251   2    4    4    3    6
 252   1    3   10
 253   2    1    4    3    6
 254   2    1    4    4    6
 255   1    3   10
