Instance: E033-03n.DAT
Class:  5
   32 --- number of customers (no depot)
    9 --- number of vehicles
    8 --- number of stacks on the vehicle
  102 --- number of items
Capacity of the vehicle - height of each stacks
    900    10
Node - x - y - demand
    0   250.0   200.0    0.0
    1    10.0   260.0   50.0
    2   313.0   382.0   53.0
    3   467.0    67.0   54.0
    4   205.0   254.0   52.0
    5   275.0    34.0   50.0
    6   269.0   262.0   35.0
    7   293.0   269.0   50.0
    8   333.0   212.0   32.0
    9   304.0   202.0   37.0
   10   286.0   207.0    7.0
   11   288.0   191.0   46.0
   12   295.0   235.0   47.0
   13    50.0   249.0   40.0
   14   484.0   179.0   47.0
   15   447.0   189.0   43.0
   16   215.0   204.0   34.0
   17    22.0   255.0   34.0
   18   267.0   316.0   36.0
   19   391.0   196.0   29.0
   20   399.0   122.0   29.0
   21   363.0   187.0   40.0
   22   355.0   236.0   48.0
   23   378.0   203.0   47.0
   24   458.0   218.0   43.0
   25   383.0   181.0   48.0
   26   240.0   326.0   44.0
   27   273.0   349.0   45.0
   28   278.0   374.0   56.0
   29   352.0   271.0   56.0
   30   324.0   295.0   50.0
   31   249.0   250.0   56.0
   32    65.0   248.0   55.0
Node - number of items - height and weight for each item
   0   0
   1   4    1   12    2   10    4   17    4   11
   2   5    3    7    4   15    3   10    4    7    2   14
   3   4    2   13    4   10    1   18    1   13
   4   2    2   23    4   29
   5   2    4   22    4   28
   6   5    3    5    3   10    2    7    3    5    4    8
   7   2    2   22    2   28
   8   4    4    8    3    6    1   11    4    7
   9   2    1   16    1   21
  10   5    4    1    1    2    3    1    2    1    4    2
  11   1    1   46
  12   5    1    7    4   14    3    9    3    7    4   10
  13   3    3   12    4   16    3   12
  14   5    4    7    4   14    3    9    2    7    3   10
  15   2    2   19    1   24
  16   3    1   10    1   13    1   11
  17   3    3   10    3   13    4   11
  18   5    4    5    4   10    1    7    1    5    4    9
  19   4    4    7    3    5    2   10    3    7
  20   5    2    4    1    8    1    5    2    4    2    8
  21   5    1    6    1   12    3    8    4    6    2    8
  22   5    3    7    2   14    3    9    2    7    4   11
  23   4    2   11    1    9    4   16    1   11
  24   1    2   43
  25   1    1   48
  26   1    1   44
  27   4    3   11    1    9    3   15    4   10
  28   2    1   25    3   31
  29   1    1   56
  30   2    3   22    2   28
  31   2    1   25    2   31
  32   3    4   16    3   22    2   17
