Instance: E041-14h.dat
Class:  2
   40 --- number of customers (no depot)
   14 --- number of vehicles
    8 --- number of stacks on the vehicle
   60 --- number of items
Capacity of the vehicle - height of each stacks
    900    10
Node - x - y - demand
    0    40.0    40.0     0.0
    1    22.0    22.0    18.0
    2    36.0    26.0    26.0
    3    21.0    45.0    11.0
    4    45.0    35.0    30.0
    5    55.0    20.0    21.0
    6    33.0    34.0    19.0
    7    50.0    50.0    15.0
    8    55.0    45.0    16.0
    9    26.0    59.0    29.0
   10    40.0    66.0    26.0
   11    55.0    65.0    37.0
   12    35.0    51.0    16.0
   13    62.0    35.0    12.0
   14    62.0    57.0    31.0
   15    62.0    24.0     8.0
   16    21.0    36.0    19.0
   17    33.0    44.0    20.0
   18     9.0    56.0    13.0
   19    62.0    48.0    15.0
   20    66.0    14.0    22.0
   21    44.0    13.0    28.0
   22    26.0    13.0    12.0
   23    11.0    28.0     6.0
   24     7.0    43.0    27.0
   25    17.0    64.0    14.0
   26    41.0    46.0    18.0
   27    55.0    34.0    17.0
   28    35.0    16.0    29.0
   29    52.0    26.0    13.0
   30    43.0    26.0    22.0
   31    31.0    76.0    25.0
   32    22.0    53.0    28.0
   33    26.0    29.0    27.0
   34    50.0    40.0    19.0
   35    55.0    50.0    10.0
   36    54.0    10.0    12.0
   37    60.0    15.0    14.0
   38    47.0    66.0    24.0
   39    30.0    60.0    16.0
   40    30.0    50.0    33.0
Node - number of items - height and weight for each item
   0   0
   1   2    1    9    2    9
   2   1    4   26
   3   1    4   11
   4   1    3   30
   5   1    4   21
   6   2    3    9    4   10
   7   2    2    7    2    8
   8   2    4    8    1    8
   9   1    1   29
  10   1    2   26
  11   2    4   18    4   19
  12   2    4    8    3    8
  13   1    3   12
  14   2    2   15    3   16
  15   1    4    8
  16   1    2   19
  17   1    2   20
  18   1    4   13
  19   1    3   15
  20   2    1   11    4   11
  21   1    1   28
  22   2    1    6    4    6
  23   1    1    6
  24   2    3   13    2   14
  25   2    4    7    1    7
  26   2    1    9    4    9
  27   1    3   17
  28   2    3   14    4   15
  29   2    3    6    4    7
  30   1    3   22
  31   2    4   12    4   13
  32   2    3   14    2   14
  33   1    3   27
  34   2    2    9    1   10
  35   2    1    5    1    5
  36   1    1   12
  37   1    3   14
  38   2    3   12    4   12
  39   1    4   16
  40   1    4   33
