Instance: E022-06m.dat
Class:  2
   21 --- number of customers (no depot)
    6 --- number of vehicles
    8 --- number of stacks on the vehicle
   33 --- number of items
Capacity of the vehicle - height of each stacks
    900    10
Node - x - y - demand
    0   145.0   215.0    0.0
    1   151.0   264.0   78.0
    2   159.0   261.0   95.0
    3   130.0   254.0   71.0
    4   128.0   252.0  127.0
    5   163.0   247.0  107.0
    6   146.0   246.0  150.0
    7   161.0   242.0  117.0
    8   142.0   239.0  117.0
    9   163.0   236.0  112.0
   10   148.0   232.0  106.0
   11   128.0   231.0  110.0
   12   156.0   217.0  107.0
   13   129.0   214.0  101.0
   14   146.0   208.0   61.0
   15   164.0   208.0  160.0
   16   141.0   206.0  106.0
   17   147.0   193.0  113.0
   18   164.0   193.0   87.0
   19   129.0   189.0   56.0
   20   155.0   185.0  115.0
   21   139.0   182.0  155.0
Node - number of items - height and weight for each item
   0   0
   1   2    2   35    2   43
   2   2    3   42    1   53
   3   1    1   71
   4   1    3  127
   5   1    2  107
   6   2    3   67    3   83
   7   2    2   52    4   65
   8   1    1  117
   9   2    4   50    2   62
  10   1    4  106
  11   1    4  110
  12   2    4   48    4   59
  13   2    1   45    1   56
  14   1    4   61
  15   2    3   72    1   88
  16   1    1  106
  17   2    2   50    1   63
  18   2    4   39    4   48
  19   2    3   25    3   31
  20   2    2   51    4   64
  21   1    1  155
