Instance: E121-07c.dat
Class:  4
  120 --- number of customers (no depot)
   25 --- number of vehicles
    8 --- number of stacks on the vehicle
  299 --- number of items
Capacity of the vehicle - height of each stacks
    900    10
Node - x - y - demand
    0    10.0    45.0     0.0
    1    25.0     1.0    25.0
    2    25.0     3.0     7.0
    3    31.0     5.0    13.0
    4    32.0     5.0     6.0
    5    31.0     7.0    14.0
    6    32.0     9.0     5.0
    7    34.0     9.0    11.0
    8    46.0     9.0    19.0
    9    35.0     7.0     5.0
   10    34.0     6.0    15.0
   11    35.0     5.0    15.0
   12    47.0     6.0    17.0
   13    40.0     5.0    13.0
   14    39.0     3.0    12.0
   15    36.0     3.0    18.0
   16    73.0     6.0    13.0
   17    73.0     8.0    18.0
   18    24.0    36.0    12.0
   19    76.0     6.0    17.0
   20    76.0    10.0     4.0
   21    76.0    13.0     7.0
   22    78.0     3.0    12.0
   23    78.0     9.0    13.0
   24    79.0     3.0     8.0
   25    79.0     5.0    16.0
   26    79.0    11.0    15.0
   27    82.0     3.0     6.0
   28    82.0     7.0     5.0
   29    90.0    15.0     9.0
   30    84.0     3.0    11.0
   31    84.0     5.0    10.0
   32    84.0     9.0     3.0
   33    85.0     1.0     7.0
   34    87.0     5.0     2.0
   35    85.0     8.0     4.0
   36    87.0     7.0     4.0
   37    86.0    41.0    18.0
   38    86.0    44.0    14.0
   39    86.0    46.0    12.0
   40    85.0    55.0    17.0
   41    89.0    43.0    20.0
   42    89.0    46.0    14.0
   43    89.0    52.0    16.0
   44    92.0    42.0    10.0
   45    92.0    52.0     9.0
   46    94.0    42.0    11.0
   47    94.0    44.0     7.0
   48    94.0    48.0    13.0
   49    96.0    42.0     5.0
   50    99.0    46.0     4.0
   51    99.0    50.0    21.0
   52    83.0    80.0    13.0
   53    83.0    83.0    11.0
   54    85.0    81.0    12.0
   55    85.0    85.0    14.0
   56    85.0    89.0    10.0
   57    87.0    80.0     8.0
   58    87.0    86.0    16.0
   59    90.0    77.0    19.0
   60    90.0    88.0     5.0
   61    93.0    82.0    17.0
   62    93.0    84.0     7.0
   63    93.0    89.0    16.0
   64    94.0    86.0    14.0
   65    95.0    80.0    17.0
   66    99.0    89.0    13.0
   67    37.0    83.0    17.0
   68    50.0    80.0    13.0
   69    35.0    85.0    14.0
   70    35.0    87.0    16.0
   71    44.0    86.0     7.0
   72    46.0    89.0    13.0
   73    46.0    83.0     9.0
   74    46.0    87.0    11.0
   75    46.0    89.0    35.0
   76    48.0    83.0     5.0
   77    50.0    85.0    28.0
   78    50.0    88.0     7.0
   79    54.0    86.0     3.0
   80    54.0    90.0    10.0
   81    10.0    35.0     7.0
   82    10.0    40.0    12.0
   83    18.0    30.0    11.0
   84    17.0    35.0    10.0
   85    16.0    38.0     8.0
   86    14.0    40.0    11.0
   87    15.0    42.0    21.0
   88    11.0    42.0     4.0
   89    18.0    40.0    15.0
   90    21.0    39.0    16.0
   91    20.0    40.0     4.0
   92    18.0    41.0    16.0
   93    20.0    44.0     7.0
   94    22.0    44.0    10.0
   95    16.0    45.0     9.0
   96    20.0    45.0    11.0
   97    25.0    45.0    17.0
   98    30.0    55.0    12.0
   99    20.0    50.0    11.0
  100    22.0    51.0     7.0
  101    18.0    49.0     9.0
  102    16.0    48.0    11.0
  103    20.0    55.0    12.0
  104    18.0    53.0     7.0
  105    14.0    50.0     8.0
  106    15.0    51.0     6.0
  107    16.0    54.0     5.0
  108    28.0    33.0    12.0
  109    33.0    38.0    13.0
  110    30.0    50.0     7.0
  111    13.0    40.0     7.0
  112    15.0    36.0     8.0
  113    18.0    31.0    11.0
  114    25.0    37.0    13.0
  115    30.0    46.0    11.0
  116    25.0    52.0    10.0
  117    16.0    33.0     7.0
  118    25.0    35.0     4.0
  119     5.0    40.0    20.0
  120     5.0    50.0    13.0
Node - number of items - height and weight for each item
   0   0
   1   2    3   12    2   13
   2   1    1    7
   3   1    2   13
   4   1    3    6
   5   1    2   14
   6   1    3    5
   7   1    2   11
   8   4    3    4    1    4    4    4    2    7
   9   1    4    5
  10   1    1   15
  11   1    1   15
  12   4    1    4    3    4    1    4    1    5
  13   4    3    3    3    3    4    3    1    4
  14   1    3   12
  15   4    4    4    1    4    2    4    1    6
  16   1    1   13
  17   4    2    4    3    4    3    4    3    6
  18   4    3    3    1    3    1    3    3    3
  19   4    2    4    3    4    3    4    1    5
  20   1    1    4
  21   4    2    1    2    1    3    1    3    4
  22   4    3    3    2    3    2    3    3    3
  23   1    3   13
  24   3    2    2    4    2    1    4
  25   1    3   16
  26   3    4    4    1    4    2    7
  27   1    4    6
  28   1    2    5
  29   1    1    9
  30   3    2    3    3    3    1    5
  31   2    2    5    4    5
  32   1    4    3
  33   1    2    7
  34   1    2    2
  35   1    2    4
  36   1    4    4
  37   4    2    4    1    4    1    4    2    6
  38   2    2    7    4    7
  39   2    3    6    4    6
  40   4    2    4    4    4    3    4    1    5
  41   4    2    5    4    5    2    5    1    5
  42   2    3    7    4    7
  43   4    3    4    3    4    3    4    4    4
  44   4    4    2    2    2    3    2    1    4
  45   1    3    9
  46   4    3    2    3    2    2    2    1    5
  47   1    2    7
  48   1    3   13
  49   1    1    5
  50   1    2    4
  51   2    3   10    1   11
  52   3    3    3    1    3    3    7
  53   3    4    3    1    3    3    5
  54   4    3    3    3    3    1    3    2    3
  55   3    4    4    4    4    4    6
  56   2    2    5    4    5
  57   4    3    2    1    2    4    2    4    2
  58   4    1    4    2    4    1    4    2    4
  59   1    2   19
  60   1    2    5
  61   3    1    5    4    5    3    7
  62   3    3    2    4    2    2    3
  63   2    4    8    4    8
  64   2    1    7    1    7
  65   1    1   17
  66   3    1    3    1    3    4    7
  67   1    2   17
  68   1    2   13
  69   1    2   14
  70   1    4   16
  71   4    4    1    1    1    1    1    2    4
  72   3    2    3    4    3    1    7
  73   1    4    9
  74   1    4   11
  75   1    3   35
  76   1    2    5
  77   1    4   28
  78   2    3    3    1    4
  79   1    4    3
  80   3    3    3    1    3    1    4
  81   4    3    1    2    1    2    1    3    4
  82   4    2    3    1    3    3    3    4    3
  83   2    2    5    1    6
  84   4    2    2    2    2    2    2    4    4
  85   4    2    2    4    2    2    2    2    2
  86   4    4    2    1    2    4    2    2    5
  87   2    3   10    3   11
  88   1    1    4
  89   1    1   15
  90   3    4    4    1    4    3    8
  91   1    3    4
  92   3    1    4    1    4    2    8
  93   2    4    3    3    4
  94   2    4    5    1    5
  95   4    4    2    1    2    3    2    3    3
  96   1    2   11
  97   2    3    8    3    9
  98   4    2    3    4    3    3    3    3    3
  99   3    3    3    4    3    2    5
 100   4    4    1    2    1    3    1    2    4
 101   3    1    2    4    2    3    5
 102   4    3    2    1    2    2    2    3    5
 103   1    4   12
 104   1    2    7
 105   4    3    2    3    2    3    2    3    2
 106   1    2    6
 107   1    1    5
 108   3    4    3    4    3    1    6
 109   4    2    3    1    3    4    3    2    4
 110   4    2    1    1    1    3    1    4    4
 111   4    3    1    3    1    1    1    1    4
 112   1    3    8
 113   4    2    2    3    2    1    2    3    5
 114   3    3    3    1    3    4    7
 115   2    3    5    1    6
 116   1    3   10
 117   1    4    7
 118   1    4    4
 119   3    3    6    4    6    1    8
 120   1    1   13
