Instance: E023-03g.dat
Class:  1
   22 --- number of customers (no depot)
    3 --- number of vehicles
    8 --- number of stacks on the vehicle
   22 --- number of items
Capacity of the vehicle - height of each stacks
    900    10
Node - x - y - demand
    0   266.0   235.0    0.0
    1   295.0   272.0   69.0
    2   301.0   258.0   53.0
    3   309.0   260.0   57.0
    4   217.0   274.0   61.0
    5   218.0   278.0   15.0
    6   282.0   267.0   72.0
    7   242.0   249.0   79.0
    8   230.0   262.0   78.0
    9   249.0   268.0   72.0
   10   256.0   267.0   76.0
   11   265.0   257.0   45.0
   12   267.0   242.0   58.0
   13   259.0   265.0   65.0
   14   315.0   233.0   46.0
   15   329.0   252.0   37.0
   16   318.0   252.0   66.0
   17   329.0   224.0   54.0
   18   267.0   213.0   41.0
   19   275.0   192.0   68.0
   20   303.0   201.0   52.0
   21   208.0   217.0   53.0
   22   326.0   181.0   74.0
Node - number of items - height and weight for each item
   0   0
   1   1    2   69
   2   1    2   53
   3   1    3   57
   4   1    1   61
   5   1    1   15
   6   1    3   72
   7   1    2   79
   8   1    3   78
   9   1    3   72
  10   1    2   76
  11   1    4   45
  12   1    1   58
  13   1    4   65
  14   1    2   46
  15   1    4   37
  16   1    4   66
  17   1    4   54
  18   1    4   41
  19   1    1   68
  20   1    1   52
  21   1    4   53
  22   1    3   74
