Instance: E045-04f.dat
Class:  5
   44 --- number of customers (no depot)
   10 --- number of vehicles
    8 --- number of stacks on the vehicle
  122 --- number of items
Capacity of the vehicle - height of each stacks
    900    10
Node - x - y - demand
    0     0.0     0.0    0.0
    1     3.0     5.0   48.0
    2     2.5     9.0   45.0
    3    48.0    16.0   49.0
    4    48.0    17.0   42.0
    5    69.0    16.0   45.0
    6    70.0    16.0   45.0
    7    64.0    13.0   49.0
    8     3.0   -22.0   41.0
    9     2.5     1.0   41.0
   10   -13.0    11.5   44.0
   11   -20.0    45.0   44.0
   12    -9.0    52.0   32.0
   13    -8.5    53.0   36.0
   14    -8.0    52.0   13.0
   15     2.0     2.0   36.0
   16    -2.0     9.0   29.0
   17   -10.0    20.0   11.0
   18   -20.0    19.0   20.0
   19   -15.0   -21.0   14.0
   20    -5.0    -9.0   25.0
   21    -4.5    -9.0   46.0
   22   -52.0   -36.0   20.0
   23   -53.0   -36.0   39.0
   24     0.0     0.0   44.0
   25   -30.0   -18.0   24.0
   26   -51.0   -35.0   12.0
   27    81.0     9.0   28.0
   28    84.0   -99.0   51.0
   29    82.0    -6.0   12.0
   30    40.0   -12.0   15.0
   31    50.0    -7.0   47.0
   32    51.0    -8.0   30.0
   33    63.0   -17.0   44.0
   34    45.0    -1.0   46.0
   35    54.0     8.5   49.0
   36    29.0     4.0   35.0
   37    21.0     3.0   53.0
   38    22.0     2.0   52.0
   39    39.0    -3.0   54.0
   40    39.5    -3.0   54.0
   41    40.0   -11.0   46.0
   42    28.0    -2.0   51.0
   43    24.0   -18.0   41.0
   44    24.0   -19.0   45.0
Node - number of items - height and weight for each item
   0   0
   1   5    4    7    3   14    4    9    3    7    1   11
   2   4    3   11    3    9    1   15    2   10
   3   5    2    7    4   14    1    9    4    7    1   12
   4   1    4   42
   5   5    2    6    2   13    4    9    1    6    3   11
   6   1    2   45
   7   5    1    7    1   14    1    9    3    7    1   12
   8   3    2   12    3   16    2   13
   9   3    2   12    1   16    2   13
  10   5    2    6    1   13    2    8    4    6    4   11
  11   2    1   19    2   25
  12   1    2   32
  13   1    3   36
  14   2    4    5    4    8
  15   1    2   36
  16   2    1   13    4   16
  17   2    1    4    2    7
  18   2    2    9    4   11
  19   2    3    6    1    8
  20   1    4   25
  21   5    4    6    4   13    1    9    3    6    2   12
  22   5    2    3    3    6    2    4    3    3    2    4
  23   3    3   11    2   15    1   13
  24   1    2   44
  25   3    3    7    3    9    2    8
  26   1    3   12
  27   1    1   28
  28   1    4   51
  29   5    1    1    2    3    2    2    2    1    4    5
  30   5    1    2    2    4    4    3    1    2    2    4
  31   1    2   47
  32   3    2    9    1   12    4    9
  33   3    1   13    3   17    2   14
  34   5    1    6    2   13    3    9    3    6    3   12
  35   3    4   14    1   19    2   16
  36   1    2   35
  37   2    3   23    1   30
  38   2    1   23    1   29
  39   2    3   24    1   30
  40   2    1   24    4   30
  41   2    2   20    1   26
  42   3    3   15    1   20    3   16
  43   5    1    6    4   12    2    8    4    6    2    9
  44   3    4   13    2   18    3   14
