Instance: E072-04f.dat
Class:  4
   71 --- number of customers (no depot)
   16 --- number of vehicles
    8 --- number of stacks on the vehicle
  178 --- number of items
Capacity of the vehicle - height of each stacks
    900    10
Node - x - y - demand
    0     0.0     0.0    0.0
    1   -12.0    -6.0   74.0
    2   -15.0    -5.0   43.0
    3    -1.0   -18.0   72.0
    4     2.0   -21.0   82.0
    5    -1.0   -17.0   51.0
    6    -9.0   -12.0  111.0
    7     2.0   -22.0  111.0
    8     1.0   -21.0  102.0
    9     7.0   -25.0   93.0
   10    -7.0   -17.0  113.0
   11   -11.0    -5.0   74.0
   12   -14.0    -9.0   84.0
   13   -14.0    -8.0   58.0
   14   -11.0    -2.0   79.0
   15   -14.0    -5.0   21.0
   16   -15.0    -9.0   60.0
   17   -15.0    -8.0   81.0
   18    -9.0    -6.0   58.0
   19   -14.0    -4.0   86.0
   20     3.0     6.0   83.0
   21     5.0     9.0   50.0
   22     5.0    10.0   69.0
   23     2.0     8.0   46.0
   24     1.0     9.0   72.0
   25     1.0    10.0   48.0
   26     2.0     9.0   64.0
   27     6.0    14.0   36.0
   28     5.0    12.0   36.0
   29     3.0     7.0   22.0
   30     4.0     8.0  105.0
   31    -6.0     1.0   31.0
   32    -6.0     2.0   87.0
   33    -8.0    -2.0   61.0
   34    -7.0     2.0   78.0
   35    -7.0    -3.0   54.0
   36    -7.0    -2.0   60.0
   37   -20.0    12.0  117.0
   38   -20.0    13.0   47.0
   39   -12.0    10.0   91.0
   40   -20.0    15.0   62.0
   41    -6.0     8.0   82.0
   42     2.0    21.0   87.0
   43     2.0    22.0   74.0
   44     1.0    21.0   87.0
   45    -1.0    24.0   75.0
   46     1.0    22.0   97.0
   47    -2.0    20.0   93.0
   48    -2.0    21.0   88.0
   49    -4.0    18.0   46.0
   50    -4.0    19.0   50.0
   51    -5.0    18.0  104.0
   52    -5.0    26.0   88.0
   53     1.0    23.0   72.0
   54    -6.0     5.0   64.0
   55    -6.0     6.0   12.0
   56    -9.0     6.0  107.0
   57    -9.0     7.0  102.0
   58   -12.0     5.0  104.0
   59   -12.0     6.0  104.0
   60   -11.0     3.0  109.0
   61   -11.0     4.0  109.0
   62   -14.0     4.0  106.0
   63   -14.0     5.0  100.0
   64   -15.0     4.0  101.0
   65   -15.0     5.0  106.0
   66   -16.0     7.0  102.0
   67   -16.0     8.0  103.0
   68   -15.0    10.0  105.0
   69   -20.0    10.0  104.0
   70    -5.0    19.0  111.0
   71    -9.0   -11.0  114.0
Node - number of items - height and weight for each item
   0   0
   1   2    3   33    3   41
   2   3    4   12    3   17    4   14
   3   4    2   18    4   14    2   25    2   15
   4   3    2   24    4   32    1   26
   5   4    3   12    3   10    1   17    1   12
   6   1    4  111
   7   1    1  111
   8   2    4   45    3   57
   9   2    2   41    2   52
  10   2    4   50    3   63
  11   1    2   74
  12   2    4   37    2   47
  13   2    3   26    3   32
  14   1    4   79
  15   3    1    6    3    8    1    7
  16   1    1   60
  17   4    4   20    4   16    4   28    3   17
  18   3    1   17    1   23    1   18
  19   3    1   25    4   34    1   27
  20   3    1   24    4   33    2   26
  21   2    2   22    4   28
  22   2    2   31    2   38
  23   3    2   13    4   18    4   15
  24   1    1   72
  25   1    3   48
  26   3    1   19    4   25    4   20
  27   3    4   10    3   14    2   12
  28   1    4   36
  29   3    3    6    2    8    3    8
  30   4    1   26    1   21    1   36    2   22
  31   4    3    7    4    6    3   10    3    8
  32   3    1   26    2   34    1   27
  33   1    1   61
  34   1    3   78
  35   2    2   24    4   30
  36   4    1   15    3   12    4   21    2   12
  37   2    3   52    2   65
  38   1    1   47
  39   4    3   22    3   18    4   31    4   20
  40   1    2   62
  41   3    4   24    1   32    1   26
  42   4    3   21    3   17    1   30    2   19
  43   3    3   22    4   29    3   23
  44   4    1   21    2   17    4   30    1   19
  45   2    2   33    4   42
  46   1    3   97
  47   3    3   27    1   37    4   29
  48   4    4   22    1   17    1   30    1   19
  49   1    1   46
  50   4    1   12    2   10    1   17    1   11
  51   4    2   26    1   20    3   36    3   22
  52   1    1   88
  53   1    3   72
  54   4    3   16    1   12    2   22    3   14
  55   3    1    3    4    4    3    5
  56   4    2   26    2   21    1   37    3   23
  57   2    3   45    2   57
  58   4    1   26    2   20    3   36    3   22
  59   1    1  104
  60   4    2   27    3   21    4   38    1   23
  61   4    1   27    1   21    2   38    2   23
  62   1    2  106
  63   2    4   45    3   55
  64   1    2  101
  65   3    1   31    3   42    3   33
  66   1    3  102
  67   3    3   30    3   41    4   32
  68   3    2   31    1   42    4   32
  69   4    4   26    1   20    3   36    1   22
  70   2    2   49    3   62
  71   1    4  114
