Instance: E023-03g.dat
Class:  3
   22 --- number of customers (no depot)
    5 --- number of vehicles
    8 --- number of stacks on the vehicle
   41 --- number of items
Capacity of the vehicle - height of each stacks
    900    10
Node - x - y - demand
    0   266.0   235.0    0.0
    1   295.0   272.0   57.0
    2   301.0   258.0   34.0
    3   309.0   260.0   23.0
    4   217.0   274.0   75.0
    5   218.0   278.0   70.0
    6   282.0   267.0   75.0
    7   242.0   249.0   80.0
    8   230.0   262.0   76.0
    9   249.0   268.0   80.0
   10   256.0   267.0   71.0
   11   265.0   257.0   39.0
   12   267.0   242.0   53.0
   13   259.0   265.0   44.0
   14   315.0   233.0   50.0
   15   329.0   252.0   47.0
   16   318.0   252.0   58.0
   17   329.0   224.0   72.0
   18   267.0   213.0   62.0
   19   275.0   192.0   66.0
   20   303.0   201.0   61.0
   21   208.0   217.0   60.0
   22   326.0   181.0   70.0
Node - number of items - height and weight for each item
   0   0
   1   3    2   17    2   22    3   18
   2   2    1   15    1   19
   3   3    3    6    2    9    3    8
   4   3    3   22    2   30    4   23
   5   1    1   70
   6   1    4   75
   7   1    2   80
   8   1    4   76
   9   2    4   36    4   44
  10   3    4   21    1   28    1   22
  11   2    4   17    3   22
  12   3    1   15    1   21    2   17
  13   1    1   44
  14   1    4   50
  15   1    4   47
  16   1    3   58
  17   3    3   21    2   28    4   23
  18   3    1   18    4   24    4   20
  19   3    2   19    1   26    2   21
  20   1    1   61
  21   1    1   60
  22   1    3   70
