Instance: E135-07f.dat
Class:  4
  134 --- number of customers (no depot)
   28 --- number of vehicles
    8 --- number of stacks on the vehicle
  342 --- number of items
Capacity of the vehicle - height of each stacks
    900    10
Node - x - y - demand
    0    -6.0    15.0    0.0
    1     3.2     5.1   87.0
    2    24.6     8.3   76.0
    3    23.3     1.3   96.0
    4    27.8     8.3   56.0
    5    29.0     8.0   87.0
    6    31.0     8.0   93.0
    7    33.5    10.5  104.0
    8    30.0    10.5   97.0
    9    29.0    10.0  100.0
   10    26.5    11.7  117.0
   11    28.3    14.3   14.0
   12    27.0    14.3   90.0
   13    23.5    19.0   47.0
   14    26.0    20.0   57.0
   15    25.0    20.0    9.0
   16    20.5    19.0   60.0
   17   -20.0    13.0   62.0
   18   -21.0    14.0   66.0
   19   -30.0    30.0   56.0
   20    -5.0    30.0   58.0
   21     1.3    17.8   17.0
   22     1.8    13.8   83.0
   23     1.8    13.1   47.0
   24     2.0    13.6  106.0
   25     4.8    17.0   65.0
   26     7.0    15.0   34.0
   27     9.8    16.6   76.0
   28    11.4    14.5   18.0
   29    14.4    11.3   43.0
   30    11.0    12.0   71.0
   31     9.3    10.7   67.0
   32     0.6     2.8   81.0
   33   -30.0   -10.0   56.0
   34     2.0     0.0   74.0
   35    14.5     1.0  114.0
   36    15.0     1.8   49.0
   37    17.2     2.4   95.0
   38    17.2     4.2   59.0
   39    18.2     4.4  118.0
   40    20.3     2.1   94.0
   41    22.8     3.1   90.0
   42    23.0     4.0   77.0
   43    20.8     4.0   93.0
   44    20.8     4.0   72.0
   45    18.5     6.4   85.0
   46   -14.0    16.0   71.0
   47    -0.5     6.9  101.0
   48     3.2     2.8   90.0
   49     5.6     1.8   82.0
   50     8.7     2.8   79.0
   51     9.0     3.3  110.0
   52     9.0     3.5  103.0
   53    11.2     3.3  115.0
   54    10.8     4.7  108.0
   55    11.5     4.6  104.0
   56    12.3     4.7   18.0
   57    12.3     5.5   14.0
   58    11.2     6.9   11.0
   59     6.5     9.7   10.0
   60     5.8     8.5   10.0
   61     7.2     6.0   18.0
   62     7.2     4.0   15.0
   63    -4.0    -4.0   18.0
   64    -3.0     1.2   14.0
   65   -40.0    49.0   17.0
   66   -15.0    10.0   12.0
   67   -11.0   -10.0   18.0
   68   -25.0   -20.0   10.0
   69   -25.0   -35.0   47.0
   70   -24.0   -35.0   50.0
   71   -18.0    10.0   44.0
   72    -2.0    10.0   90.0
   73    -4.0     8.0  101.0
   74    -3.0     5.0  103.0
   75     2.1     6.2   95.0
   76    -1.7     3.0   95.0
   77    -3.0     2.0  100.0
   78    -7.0     0.0   97.0
   79    -3.0    -6.0   97.0
   80   -30.0   -11.0   95.0
   81   -62.0   -10.0   93.0
   82    -8.0    30.0   92.0
   83     1.0    60.0  100.0
   84    10.0    52.0   90.0
   85    10.0    52.0   97.0
   86    10.0    51.0  104.0
   87    16.0    29.0  102.0
   88    26.0    21.0  114.0
   89    16.0    21.0  100.0
   90    15.5    19.2  110.0
   91     0.0    16.5  116.0
   92    17.2    14.3  106.0
   93    16.5     7.8  101.0
   94    16.9     7.7  103.0
   95    18.0     2.0  112.0
   96    16.2     4.0   20.0
   97    15.0     4.0   23.0
   98    15.0     3.0   15.0
   99    14.8     2.4   20.0
  100    14.5     3.0   10.0
  101    13.0     2.6   91.0
  102    11.8     3.0  102.0
  103    12.0     4.0   10.0
  104    12.8     3.6   42.0
  105    13.4     5.5  100.0
  106  -150.0     8.0   88.0
  107  -152.0     1.0  100.0
  108  -152.0     0.0   81.0
  109  -142.0   -31.0   88.0
  110   -78.0   -19.0   87.0
  111   -78.0   -18.0   32.0
  112   -78.0   -17.0   56.0
  113   -80.0   -14.0  104.0
  114  -118.0    22.0   10.0
  115  -107.0    30.0  106.0
  116   -85.0    14.0  107.0
  117   -78.0    15.0  106.0
  118   -15.0    16.0  100.0
  119   -62.0    32.0  110.0
  120  -120.0   -20.0  111.0
  121   -90.0   -22.0  111.0
  122   -79.0   -19.0  101.0
  123   -79.0   -18.5  105.0
  124   -79.0   -18.0  116.0
  125   -78.0   -17.5  119.0
  126   -79.0   -17.0  110.0
  127   -80.0   -17.0  114.0
  128   -80.0   -16.0   97.0
  129   -80.0   -15.0  102.0
  130   -48.0    37.0  113.0
  131   -85.0    15.0   93.0
  132   -62.0    -9.0  100.0
  133   -15.0    -4.0  113.0
  134    -1.0     3.2   93.0
Node - number of items - height and weight for each item
   0   0
   1   1    2   87
   2   2    2   34    1   42
   3   4    2   24    2   19    1   33    3   20
   4   1    3   56
   5   2    3   39    1   48
   6   1    1   93
   7   4    2   26    3   20    3   36    2   22
   8   2    3   43    1   54
   9   2    2   45    3   55
  10   1    4  117
  11   4    2    3    1    2    4    4    1    5
  12   3    3   27    4   36    2   27
  13   3    1   14    1   18    3   15
  14   3    4   17    4   22    2   18
  15   3    2    2    3    3    1    4
  16   1    2   60
  17   3    3   18    2   24    2   20
  18   4    4   16    1   13    2   23    1   14
  19   3    4   16    3   22    1   18
  20   2    2   26    1   32
  21   4    1    4    1    3    2    5    3    5
  22   2    4   37    4   46
  23   1    2   47
  24   1    4  106
  25   4    3   16    1   13    4   22    2   14
  26   2    1   15    1   19
  27   2    1   34    2   42
  28   3    2    5    4    7    4    6
  29   2    4   19    2   24
  30   1    1   71
  31   1    2   67
  32   4    4   20    3   16    1   28    2   17
  33   2    3   25    1   31
  34   4    2   18    3   14    4   25    2   17
  35   1    2  114
  36   1    4   49
  37   3    4   28    4   38    4   29
  38   4    3   14    4   11    4   20    1   14
  39   4    1   29    3   23    1   41    4   25
  40   2    4   42    3   52
  41   4    4   22    3   18    2   31    4   19
  42   1    4   77
  43   1    4   93
  44   2    2   32    2   40
  45   4    1   21    4   17    1   29    2   18
  46   2    1   31    1   40
  47   3    2   30    4   40    3   31
  48   4    2   22    1   18    3   31    4   19
  49   2    3   36    4   46
  50   2    2   35    2   44
  51   4    2   27    3   22    2   38    2   23
  52   2    1   46    2   57
  53   4    4   28    1   23    1   40    4   24
  54   2    4   48    3   60
  55   4    3   26    2   20    2   36    1   22
  56   2    4    8    1   10
  57   1    4   14
  58   4    3    2    2    2    4    3    4    4
  59   4    3    2    1    2    2    3    4    3
  60   2    3    4    3    6
  61   4    2    4    3    3    1    6    4    5
  62   4    3    3    1    3    2    5    4    4
  63   2    2    8    2   10
  64   1    2   14
  65   1    2   17
  66   3    2    3    2    4    2    5
  67   2    1    8    4   10
  68   1    1   10
  69   3    1   14    1   18    2   15
  70   2    2   22    3   28
  71   3    1   13    1   17    1   14
  72   3    2   27    2   36    2   27
  73   2    1   45    3   56
  74   2    2   46    1   57
  75   3    2   28    1   38    2   29
  76   3    4   28    3   38    4   29
  77   2    1   45    1   55
  78   4    3   24    1   19    2   33    3   21
  79   2    2   43    4   54
  80   3    3   28    2   38    2   29
  81   2    3   41    3   52
  82   2    2   41    3   51
  83   3    1   30    1   40    4   30
  84   4    2   22    4   18    2   31    2   19
  85   1    4   97
  86   2    3   46    1   58
  87   2    4   45    3   57
  88   2    2   51    1   63
  89   4    3   25    1   20    4   35    3   20
  90   3    3   33    1   44    4   33
  91   4    4   29    3   23    2   40    3   24
  92   2    1   47    4   59
  93   2    1   45    1   56
  94   2    2   46    3   57
  95   3    3   33    1   44    3   35
  96   2    2    9    3   11
  97   4    2    5    1    4    1    8    4    6
  98   4    3    3    4    3    3    5    2    4
  99   4    1    5    1    4    4    7    1    4
 100   2    2    4    3    6
 101   4    3   22    3   18    2   31    2   20
 102   3    4   30    4   40    2   32
 103   3    3    3    3    4    3    3
 104   4    1   10    1    8    1   14    2   10
 105   4    3   25    3   20    2   35    4   20
 106   3    2   26    3   35    4   27
 107   3    2   30    2   40    3   30
 108   1    4   81
 109   1    4   88
 110   2    4   39    2   48
 111   4    2    8    2    6    3   11    1    7
 112   3    1   16    2   22    3   18
 113   1    2  104
 114   2    3    4    3    6
 115   3    1   31    1   42    2   33
 116   3    3   32    2   42    1   33
 117   2    1   47    1   59
 118   1    3  100
 119   2    1   49    1   61
 120   4    2   27    1   22    4   38    3   24
 121   3    1   33    2   44    1   34
 122   2    4   45    4   56
 123   2    4   47    3   58
 124   2    2   52    1   64
 125   2    1   53    1   66
 126   4    3   27    1   22    2   38    1   23
 127   1    3  114
 128   2    4   43    4   54
 129   2    2   45    3   57
 130   1    1  113
 131   1    4   93
 132   2    2   45    2   55
 133   4    3   28    1   22    1   39    3   24
 134   4    4   23    3   18    3   32    1   20
