Instance: E033-05s.dat
Class:  5
   32 --- number of customers (no depot)
    9 --- number of vehicles
    8 --- number of stacks on the vehicle
  114 --- number of items
Capacity of the vehicle - height of each stacks
    900    10
Node - x - y - demand
    0   292.0   495.0    0.0
    1   298.0   427.0  104.0
    2   309.0   445.0  101.0
    3   307.0   464.0  104.0
    4   336.0   475.0  105.0
    5   320.0   439.0  101.0
    6   321.0   437.0   78.0
    7   322.0   437.0    7.0
    8   323.0   433.0   15.0
    9   324.0   433.0   27.0
   10   323.0   429.0   92.0
   11   314.0   435.0   93.0
   12   311.0   442.0   99.0
   13   304.0   427.0   91.0
   14   293.0   421.0   97.0
   15   296.0   418.0   99.0
   16   261.0   384.0   24.0
   17   297.0   410.0   48.0
   18   315.0   407.0   76.0
   19   314.0   406.0   52.0
   20   321.0   391.0   84.0
   21   321.0   398.0   74.0
   22   314.0   394.0   95.0
   23   313.0   378.0   97.0
   24   304.0   382.0   36.0
   25   295.0   402.0   96.0
   26   283.0   406.0   96.0
   27   279.0   399.0   90.0
   28   271.0   401.0   95.0
   29   264.0   414.0   94.0
   30   277.0   439.0   93.0
   31   290.0   434.0   90.0
   32   319.0   433.0   95.0
Node - number of items - height and weight for each item
   0   0
   1   3    1   31    2   41    4   32
   2   5    4   15    3   30    4   20    3   15    4   21
   3   1    2  104
   4   5    2   15    4   31    1   21    1   15    2   23
   5   1    4  101
   6   4    4   19    4   15    3   27    3   17
   7   5    2    1    3    2    4    1    2    1    2    2
   8   1    4   15
   9   4    3    6    1    5    4    9    1    7
  10   4    1   23    4   18    1   32    3   19
  11   5    2   13    4   27    1   18    1   13    4   22
  12   2    3   44    3   55
  13   3    4   27    3   36    4   28
  14   2    3   43    4   54
  15   5    4   14    3   29    2   19    3   14    2   23
  16   5    1    3    1    7    1    4    1    3    3    7
  17   2    3   21    4   27
  18   5    4   11    4   22    1   15    1   11    4   17
  19   4    4   13    3   10    2   18    3   11
  20   1    2   84
  21   3    1   22    1   29    2   23
  22   1    2   95
  23   2    1   43    1   54
  24   5    3    5    4   10    2    7    3    5    2    9
  25   5    3   14    2   28    4   19    2   14    1   21
  26   3    4   28    1   38    2   30
  27   5    1   13    1   27    3   18    1   13    3   19
  28   4    4   23    1   19    3   33    1   20
  29   4    3   23    2   18    1   32    2   21
  30   5    4   13    3   27    2   18    3   13    4   22
  31   5    1   13    2   27    3   18    3   13    2   19
  32   5    3   14    3   28    4   19    2   14    3   20
