Instance: E253-27k.dat
Class:  4
  252 --- number of customers (no depot)
   50 --- number of vehicles
    8 --- number of stacks on the vehicle
  634 --- number of items
Capacity of the vehicle - height of each stacks
    900    10
Node - x - y - demand
    0     0.0     0.0    0.0
    1     3.0     1.0   50.0
    2     3.0     3.0   50.0
    3     1.0     3.0   50.0
    4    -1.0     3.0   50.0
    5    -3.0     3.0   50.0
    6    -3.0     1.0   50.0
    7    -3.0    -1.0   50.0
    8    -3.0    -3.0   50.0
    9    -1.0    -3.0   50.0
   10     1.0    -3.0   50.0
   11     3.0    -3.0   50.0
   12     3.0    -1.0   50.0
   13     5.0     1.0   25.0
   14     5.0     3.0   25.0
   15     5.0     5.0   25.0
   16     3.0     5.0   25.0
   17     1.0     5.0   25.0
   18    -1.0     5.0   25.0
   19    -3.0     5.0   25.0
   20    -5.0     5.0   25.0
   21    -5.0     3.0   25.0
   22    -5.0     1.0   25.0
   23    -5.0    -1.0   25.0
   24    -5.0    -3.0   25.0
   25    -5.0    -5.0   25.0
   26    -3.0    -5.0   25.0
   27    -1.0    -5.0   25.0
   28     1.0    -5.0   25.0
   29     3.0    -5.0   25.0
   30     5.0    -5.0   25.0
   31     5.0    -3.0   25.0
   32     5.0    -1.0   25.0
   33     7.0     1.0   40.0
   34     7.0     3.0   40.0
   35     7.0     5.0   40.0
   36     7.0     7.0   40.0
   37     5.0     7.0   40.0
   38     3.0     7.0   40.0
   39     1.0     7.0   40.0
   40    -1.0     7.0   40.0
   41    -3.0     7.0   40.0
   42    -5.0     7.0   40.0
   43    -7.0     7.0   40.0
   44    -7.0     5.0   40.0
   45    -7.0     3.0   40.0
   46    -7.0     1.0   40.0
   47    -7.0    -1.0   40.0
   48    -7.0    -3.0   40.0
   49    -7.0    -5.0   40.0
   50    -7.0    -7.0   40.0
   51    -5.0    -7.0   40.0
   52    -3.0    -7.0   40.0
   53    -1.0    -7.0   40.0
   54     1.0    -7.0   40.0
   55     3.0    -7.0   40.0
   56     5.0    -7.0   40.0
   57     7.0    -7.0   40.0
   58     7.0    -5.0   40.0
   59     7.0    -3.0   40.0
   60     7.0    -1.0   40.0
   61     9.0     1.0   30.0
   62     9.0     3.0   30.0
   63     9.0     5.0   30.0
   64     9.0     7.0   30.0
   65     9.0     9.0   30.0
   66     7.0     9.0   30.0
   67     5.0     9.0   30.0
   68     3.0     9.0   30.0
   69     1.0     9.0   30.0
   70    -1.0     9.0   30.0
   71    -3.0     9.0   30.0
   72    -5.0     9.0   30.0
   73    -7.0     9.0   30.0
   74    -9.0     9.0   30.0
   75    -9.0     7.0   30.0
   76    -9.0     5.0   30.0
   77    -9.0     3.0   30.0
   78    -9.0     1.0   30.0
   79    -9.0    -1.0   30.0
   80    -9.0    -3.0   30.0
   81    -9.0    -5.0   30.0
   82    -9.0    -7.0   30.0
   83    -9.0    -9.0   30.0
   84    -7.0    -9.0   30.0
   85    -5.0    -9.0   30.0
   86    -3.0    -9.0   30.0
   87    -1.0    -9.0   30.0
   88     1.0    -9.0   30.0
   89     3.0    -9.0   30.0
   90     5.0    -9.0   30.0
   91     7.0    -9.0   30.0
   92     9.0    -9.0   30.0
   93     9.0    -7.0   30.0
   94     9.0    -5.0   30.0
   95     9.0    -3.0   30.0
   96     9.0    -1.0   30.0
   97    11.0     1.0   21.0
   98    11.0     3.0   21.0
   99    11.0     5.0   21.0
  100    11.0     7.0   21.0
  101    11.0     9.0   21.0
  102    11.0    11.0   21.0
  103     9.0    11.0   21.0
  104     7.0    11.0   21.0
  105     5.0    11.0   21.0
  106     3.0    11.0   21.0
  107     1.0    11.0   21.0
  108    -1.0    11.0   21.0
  109    -3.0    11.0   21.0
  110    -5.0    11.0   21.0
  111    -7.0    11.0   21.0
  112    -9.0    11.0   21.0
  113   -11.0    11.0   21.0
  114   -11.0     9.0   21.0
  115   -11.0     7.0   21.0
  116   -11.0     5.0   21.0
  117   -11.0     3.0   21.0
  118   -11.0     1.0   21.0
  119   -11.0    -1.0   21.0
  120   -11.0    -3.0   21.0
  121   -11.0    -5.0   21.0
  122   -11.0    -7.0   21.0
  123   -11.0    -9.0   21.0
  124   -11.0   -11.0   21.0
  125    -9.0   -11.0   21.0
  126    -7.0   -11.0   21.0
  127    -5.0   -11.0   21.0
  128    -3.0   -11.0   21.0
  129    -1.0   -11.0   21.0
  130     1.0   -11.0   21.0
  131     3.0   -11.0   21.0
  132     5.0   -11.0   21.0
  133     7.0   -11.0   21.0
  134     9.0   -11.0   21.0
  135    11.0   -11.0   21.0
  136    11.0    -9.0   21.0
  137    11.0    -7.0   21.0
  138    11.0    -5.0   21.0
  139    11.0    -3.0   21.0
  140    11.0    -1.0   21.0
  141    13.0     1.0   15.0
  142    13.0     3.0   15.0
  143    13.0     5.0   15.0
  144    13.0     7.0   15.0
  145    13.0     9.0   15.0
  146    13.0    11.0   15.0
  147    13.0    13.0   15.0
  148    11.0    13.0   15.0
  149     9.0    13.0   15.0
  150     7.0    13.0   15.0
  151     5.0    13.0   15.0
  152     3.0    13.0   15.0
  153     1.0    13.0   15.0
  154    -1.0    13.0   15.0
  155    -3.0    13.0   15.0
  156    -5.0    13.0   15.0
  157    -7.0    13.0   15.0
  158    -9.0    13.0   15.0
  159   -11.0    13.0   15.0
  160   -13.0    13.0   15.0
  161   -13.0    11.0   15.0
  162   -13.0     9.0   15.0
  163   -13.0     7.0   15.0
  164   -13.0     5.0   15.0
  165   -13.0     3.0   15.0
  166   -13.0     1.0   15.0
  167   -13.0    -1.0   15.0
  168   -13.0    -3.0   15.0
  169   -13.0    -5.0   15.0
  170   -13.0    -7.0   15.0
  171   -13.0    -9.0   15.0
  172   -13.0   -11.0   15.0
  173   -13.0   -13.0   15.0
  174   -11.0   -13.0   15.0
  175    -9.0   -13.0   15.0
  176    -7.0   -13.0   15.0
  177    -5.0   -13.0   15.0
  178    -3.0   -13.0   15.0
  179    -1.0   -13.0   15.0
  180     1.0   -13.0   15.0
  181     3.0   -13.0   15.0
  182     5.0   -13.0   15.0
  183     7.0   -13.0   15.0
  184     9.0   -13.0   15.0
  185    11.0   -13.0   15.0
  186    13.0   -13.0   15.0
  187    13.0   -11.0   15.0
  188    13.0    -9.0   15.0
  189    13.0    -7.0   15.0
  190    13.0    -5.0   15.0
  191    13.0    -3.0   15.0
  192    13.0    -1.0   15.0
  193    15.0     1.0   10.0
  194    15.0     3.0   10.0
  195    15.0     5.0   10.0
  196    15.0     7.0   10.0
  197    15.0     9.0   10.0
  198    15.0    11.0   10.0
  199    15.0    13.0   10.0
  200    15.0    15.0   10.0
  201    13.0    15.0   10.0
  202    11.0    15.0   10.0
  203     9.0    15.0   10.0
  204     7.0    15.0   10.0
  205     5.0    15.0   10.0
  206     3.0    15.0   10.0
  207     1.0    15.0   10.0
  208    -1.0    15.0   10.0
  209    -3.0    15.0   10.0
  210    -5.0    15.0   10.0
  211    -7.0    15.0   10.0
  212    -9.0    15.0   10.0
  213   -11.0    15.0   10.0
  214   -13.0    15.0   10.0
  215   -15.0    15.0   10.0
  216   -15.0    13.0   10.0
  217   -15.0    11.0   10.0
  218   -15.0     9.0   10.0
  219   -15.0     7.0   10.0
  220   -15.0     5.0   10.0
  221   -15.0     3.0   10.0
  222   -15.0     1.0   10.0
  223   -15.0    -1.0   10.0
  224   -15.0    -3.0   10.0
  225   -15.0    -5.0   10.0
  226   -15.0    -7.0   10.0
  227   -15.0    -9.0   10.0
  228   -15.0   -11.0   10.0
  229   -15.0   -13.0   10.0
  230   -15.0   -15.0   10.0
  231   -13.0   -15.0   10.0
  232   -11.0   -15.0   10.0
  233    -9.0   -15.0   10.0
  234    -7.0   -15.0   10.0
  235    -5.0   -15.0   10.0
  236    -3.0   -15.0   10.0
  237    -1.0   -15.0   10.0
  238     1.0   -15.0   10.0
  239     3.0   -15.0   10.0
  240     5.0   -15.0   10.0
  241     7.0   -15.0   10.0
  242     9.0   -15.0   10.0
  243    11.0   -15.0   10.0
  244    13.0   -15.0   10.0
  245    15.0   -15.0   10.0
  246    15.0   -13.0   10.0
  247    15.0   -11.0   10.0
  248    15.0    -9.0   10.0
  249    15.0    -7.0   10.0
  250    15.0    -5.0   10.0
  251    15.0    -3.0   10.0
  252    15.0    -1.0   10.0
Node - number of items - height and weight for each item
   0   0
   1   2    3   22    2   28
   2   1    3   50
   3   1    4   50
   4   3    1   15    1   20    3   15
   5   4    1   12    3   10    1   17    1   11
   6   3    2   15    1   20    4   15
   7   3    3   15    2   20    3   15
   8   4    1   12    4   10    2   17    2   11
   9   4    1   12    1   10    1   17    1   11
  10   2    1   22    3   28
  11   4    2   12    2   10    1   17    1   11
  12   2    3   22    1   28
  13   3    2    7    2   10    1    8
  14   4    4    6    2    5    1    8    1    6
  15   3    4    7    4   10    1    8
  16   1    3   25
  17   1    3   25
  18   2    2   11    3   14
  19   2    1   11    2   14
  20   4    3    6    2    5    3    8    1    6
  21   3    4    7    1   10    4    8
  22   1    4   25
  23   4    2    6    2    5    3    8    4    6
  24   2    1   11    3   14
  25   1    2   25
  26   4    3    6    4    5    1    8    3    6
  27   4    4    6    1    5    1    8    2    6
  28   3    3    7    2   10    2    8
  29   1    2   25
  30   3    3    7    4   10    2    8
  31   4    3    6    1    5    2    8    4    6
  32   3    3    7    4   10    1    8
  33   4    2   10    4    8    1   14    3    8
  34   3    4   12    2   16    1   12
  35   1    2   40
  36   2    4   18    1   22
  37   1    4   40
  38   1    3   40
  39   4    4   10    4    8    4   14    2    8
  40   2    1   18    3   22
  41   2    3   18    4   22
  42   4    1   10    3    8    2   14    2    8
  43   1    4   40
  44   2    4   18    2   22
  45   4    3   10    2    8    3   14    3    8
  46   2    1   18    4   22
  47   3    1   12    3   16    4   12
  48   2    3   18    2   22
  49   2    4   18    4   22
  50   4    1   10    2    8    1   14    4    8
  51   3    3   12    1   16    1   12
  52   1    2   40
  53   1    2   40
  54   2    1   18    1   22
  55   2    1   18    3   22
  56   4    1   10    3    8    1   14    4    8
  57   1    4   40
  58   2    4   18    1   22
  59   2    4   18    3   22
  60   3    4   12    3   16    3   12
  61   2    2   13    2   17
  62   3    4    9    4   12    4    9
  63   4    1    7    1    6    4   10    2    7
  64   3    1    9    1   12    2    9
  65   1    2   30
  66   4    3    7    4    6    1   10    1    7
  67   1    4   30
  68   2    1   13    2   17
  69   1    1   30
  70   1    3   30
  71   2    3   13    4   17
  72   3    2    9    1   12    1    9
  73   1    2   30
  74   2    3   13    4   17
  75   2    3   13    3   17
  76   3    1    9    4   12    3    9
  77   1    4   30
  78   2    4   13    1   17
  79   1    3   30
  80   1    3   30
  81   4    1    7    1    6    1   10    1    7
  82   3    3    9    1   12    4    9
  83   1    4   30
  84   3    4    9    1   12    1    9
  85   1    3   30
  86   1    3   30
  87   3    1    9    2   12    4    9
  88   1    4   30
  89   2    1   13    2   17
  90   2    4   13    3   17
  91   1    2   30
  92   4    2    7    4    6    4   10    2    7
  93   4    1    7    1    6    2   10    4    7
  94   3    2    9    4   12    3    9
  95   4    4    7    1    6    4   10    4    7
  96   4    4    7    3    6    1   10    1    7
  97   4    4    5    4    4    3    7    3    5
  98   3    2    6    2    8    2    7
  99   4    4    5    2    4    4    7    3    5
 100   1    3   21
 101   2    4    9    2   12
 102   1    2   21
 103   2    4    9    3   12
 104   1    3   21
 105   1    1   21
 106   1    2   21
 107   4    1    5    4    4    1    7    3    5
 108   3    3    6    3    8    4    7
 109   1    4   21
 110   1    3   21
 111   2    4    9    3   12
 112   4    2    5    4    4    2    7    1    5
 113   4    1    5    2    4    2    7    3    5
 114   1    3   21
 115   2    1    9    3   12
 116   3    1    6    2    8    2    7
 117   3    1    6    1    8    1    7
 118   2    4    9    3   12
 119   4    3    5    4    4    1    7    3    5
 120   2    1    9    3   12
 121   4    2    5    2    4    3    7    1    5
 122   2    2    9    3   12
 123   2    1    9    1   12
 124   4    1    5    4    4    4    7    4    5
 125   4    4    5    2    4    3    7    4    5
 126   2    1    9    4   12
 127   1    3   21
 128   4    1    5    1    4    3    7    1    5
 129   2    3    9    4   12
 130   1    4   21
 131   3    2    6    3    8    4    7
 132   2    2    9    3   12
 133   1    1   21
 134   4    4    5    2    4    3    7    1    5
 135   4    3    5    1    4    1    7    4    5
 136   4    1    5    1    4    2    7    1    5
 137   3    1    6    2    8    2    7
 138   1    1   21
 139   1    3   21
 140   3    2    6    2    8    4    7
 141   3    1    4    3    6    3    5
 142   1    1   15
 143   2    1    6    3    9
 144   1    4   15
 145   2    4    6    1    9
 146   4    2    3    1    3    2    5    1    4
 147   2    4    6    2    9
 148   1    1   15
 149   3    4    4    1    6    2    5
 150   3    4    4    1    6    1    5
 151   3    2    4    4    6    4    5
 152   1    3   15
 153   2    1    6    4    9
 154   4    2    3    1    3    1    5    3    4
 155   3    1    4    1    6    1    5
 156   4    1    3    3    3    2    5    4    4
 157   1    3   15
 158   3    4    4    2    6    2    5
 159   2    2    6    2    9
 160   2    3    6    2    9
 161   3    4    4    1    6    3    5
 162   4    4    3    1    3    4    5    4    4
 163   2    4    6    1    9
 164   3    2    4    4    6    2    5
 165   3    3    4    4    6    2    5
 166   1    3   15
 167   3    1    4    1    6    1    5
 168   4    4    3    1    3    3    5    4    4
 169   4    2    3    4    3    2    5    2    4
 170   3    2    4    4    6    3    5
 171   1    3   15
 172   3    2    4    4    6    3    5
 173   3    3    4    3    6    2    5
 174   2    4    6    3    9
 175   4    4    3    4    3    2    5    1    4
 176   4    3    3    4    3    1    5    4    4
 177   4    2    3    4    3    3    5    4    4
 178   3    1    4    2    6    1    5
 179   2    2    6    2    9
 180   4    3    3    3    3    3    5    1    4
 181   1    2   15
 182   3    3    4    1    6    1    5
 183   3    3    4    2    6    2    5
 184   4    3    3    4    3    1    5    1    4
 185   3    2    4    1    6    1    5
 186   3    3    4    2    6    3    5
 187   4    2    3    3    3    1    5    2    4
 188   3    1    4    1    6    3    5
 189   2    3    6    4    9
 190   4    3    3    4    3    3    5    2    4
 191   2    3    6    3    9
 192   3    2    4    3    6    3    5
 193   1    1   10
 194   2    2    4    1    6
 195   2    3    4    4    6
 196   1    4   10
 197   2    4    4    3    6
 198   4    2    2    3    2    3    3    1    3
 199   2    1    4    2    6
 200   2    3    4    3    6
 201   4    3    2    4    2    3    3    4    3
 202   4    1    2    2    2    1    3    3    3
 203   3    4    3    1    4    4    3
 204   3    4    3    4    4    1    3
 205   2    3    4    4    6
 206   1    1   10
 207   3    1    3    4    4    3    3
 208   2    2    4    4    6
 209   1    1   10
 210   4    4    2    4    2    3    3    3    3
 211   4    3    2    3    2    3    3    3    3
 212   2    1    4    2    6
 213   1    2   10
 214   3    2    3    1    4    1    3
 215   4    1    2    3    2    2    3    2    3
 216   4    1    2    4    2    2    3    1    3
 217   4    3    2    2    2    1    3    1    3
 218   4    4    2    1    2    1    3    2    3
 219   1    4   10
 220   2    3    4    4    6
 221   4    4    2    1    2    2    3    2    3
 222   3    3    3    4    4    3    3
 223   3    4    3    1    4    4    3
 224   2    2    4    1    6
 225   4    2    2    2    2    3    3    1    3
 226   1    2   10
 227   4    3    2    3    2    4    3    4    3
 228   1    3   10
 229   1    4   10
 230   3    4    3    1    4    2    3
 231   2    1    4    1    6
 232   2    2    4    2    6
 233   2    2    4    3    6
 234   2    2    4    1    6
 235   1    3   10
 236   4    1    2    3    2    3    3    2    3
 237   2    1    4    4    6
 238   1    1   10
 239   4    2    2    4    2    3    3    3    3
 240   4    1    2    3    2    1    3    3    3
 241   4    1    2    2    2    2    3    3    3
 242   4    2    2    4    2    1    3    1    3
 243   2    3    4    3    6
 244   4    3    2    4    2    4    3    2    3
 245   1    3   10
 246   3    2    3    2    4    4    3
 247   1    2   10
 248   3    1    3    1    4    3    3
 249   3    3    3    2    4    2    3
 250   1    4   10
 251   2    2    4    4    6
 252   2    4    4    1    6
