Instance: E072-04f.dat
Class:  1
   71 --- number of customers (no depot)
   14 --- number of vehicles
    8 --- number of stacks on the vehicle
   71 --- number of items
Capacity of the vehicle - height of each stacks
    900    10
Node - x - y - demand
    0     0.0     0.0    0.0
    1   -12.0    -6.0   62.0
    2   -15.0    -5.0   93.0
    3    -1.0   -18.0   93.0
    4     2.0   -21.0   95.0
    5    -1.0   -17.0   48.0
    6    -9.0   -12.0   91.0
    7     2.0   -22.0  118.0
    8     1.0   -21.0  101.0
    9     7.0   -25.0   91.0
   10    -7.0   -17.0   93.0
   11   -11.0    -5.0  104.0
   12   -14.0    -9.0   81.0
   13   -14.0    -8.0   36.0
   14   -11.0    -2.0  107.0
   15   -14.0    -5.0    9.0
   16   -15.0    -9.0   68.0
   17   -15.0    -8.0   63.0
   18    -9.0    -6.0   65.0
   19   -14.0    -4.0   86.0
   20     3.0     6.0   91.0
   21     5.0     9.0   57.0
   22     5.0    10.0   79.0
   23     2.0     8.0   42.0
   24     1.0     9.0   44.0
   25     1.0    10.0   38.0
   26     2.0     9.0   53.0
   27     6.0    14.0   89.0
   28     5.0    12.0   16.0
   29     3.0     7.0   64.0
   30     4.0     8.0   17.0
   31    -6.0     1.0   47.0
   32    -6.0     2.0   13.0
   33    -8.0    -2.0   61.0
   34    -7.0     2.0   47.0
   35    -7.0    -3.0  114.0
   36    -7.0    -2.0   69.0
   37   -20.0    12.0   96.0
   38   -20.0    13.0  119.0
   39   -12.0    10.0   58.0
   40   -20.0    15.0  110.0
   41    -6.0     8.0   93.0
   42     2.0    21.0   96.0
   43     2.0    22.0   86.0
   44     1.0    21.0   75.0
   45    -1.0    24.0   74.0
   46     1.0    22.0   72.0
   47    -2.0    20.0   73.0
   48    -2.0    21.0   91.0
   49    -4.0    18.0   19.0
   50    -4.0    19.0   58.0
   51    -5.0    18.0    9.0
   52    -5.0    26.0  102.0
   53     1.0    23.0   43.0
   54    -6.0     5.0   61.0
   55    -6.0     6.0   15.0
   56    -9.0     6.0  100.0
   57    -9.0     7.0  101.0
   58   -12.0     5.0  100.0
   59   -12.0     6.0  105.0
   60   -11.0     3.0  104.0
   61   -11.0     4.0  102.0
   62   -14.0     4.0  106.0
   63   -14.0     5.0  107.0
   64   -15.0     4.0  109.0
   65   -15.0     5.0  105.0
   66   -16.0     7.0  109.0
   67   -16.0     8.0  101.0
   68   -15.0    10.0  100.0
   69   -20.0    10.0  113.0
   70    -5.0    19.0  114.0
   71    -9.0   -11.0  114.0
Node - number of items - height and weight for each item
   0   0
   1   1    3   62
   2   1    3   93
   3   1    4   93
   4   1    3   95
   5   1    4   48
   6   1    2   91
   7   1    4  118
   8   1    2  101
   9   1    2   91
  10   1    2   93
  11   1    4  104
  12   1    1   81
  13   1    3   36
  14   1    3  107
  15   1    1    9
  16   1    1   68
  17   1    4   63
  18   1    1   65
  19   1    4   86
  20   1    3   91
  21   1    2   57
  22   1    2   79
  23   1    4   42
  24   1    3   44
  25   1    2   38
  26   1    4   53
  27   1    2   89
  28   1    3   16
  29   1    3   64
  30   1    4   17
  31   1    1   47
  32   1    3   13
  33   1    1   61
  34   1    1   47
  35   1    4  114
  36   1    4   69
  37   1    4   96
  38   1    3  119
  39   1    1   58
  40   1    1  110
  41   1    1   93
  42   1    1   96
  43   1    4   86
  44   1    1   75
  45   1    1   74
  46   1    4   72
  47   1    2   73
  48   1    2   91
  49   1    4   19
  50   1    2   58
  51   1    2    9
  52   1    2  102
  53   1    4   43
  54   1    4   61
  55   1    1   15
  56   1    3  100
  57   1    1  101
  58   1    4  100
  59   1    4  105
  60   1    4  104
  61   1    3  102
  62   1    2  106
  63   1    4  107
  64   1    3  109
  65   1    2  105
  66   1    3  109
  67   1    1  101
  68   1    1  100
  69   1    1  113
  70   1    2  114
  71   1    3  114
