Instance: E241-22k.dat
Class:  5
  240 --- number of customers (no depot)
   50 --- number of vehicles
    8 --- number of stacks on the vehicle
  720 --- number of items
Capacity of the vehicle - height of each stacks
    900    10
Node - x - y - demand
    0     0.0     0.0     0.0
    1     5.8     0.0    40.0
    2     2.9     5.0    40.0
    3    -2.9     5.0    40.0
    4    -5.8     0.0    40.0
    5    -2.9    -5.0    40.0
    6     2.9    -5.0    40.0
    7     8.7     5.0    40.0
    8     0.0    10.0    40.0
    9    -8.7     5.0    40.0
   10    -8.7    -5.0    40.0
   11     0.0   -10.0    40.0
   12     8.7    -5.0    40.0
   13     5.3     0.8    10.0
   14     3.3     4.3    10.0
   15     6.5    -1.3    10.0
   16     7.2    -2.5    20.0
   17     7.9    -3.8    10.0
   18     6.5     1.3    10.0
   19     7.2     2.5    20.0
   20     7.9     3.8    10.0
   21     2.0     5.0    10.0
   22    -2.0     5.0    10.0
   23     4.3     5.0    10.0
   24     5.8     5.0    20.0
   25     7.2     5.0    10.0
   26     2.2     6.3    10.0
   27     1.4     7.5    20.0
   28     0.7     8.8    10.0
   29    -3.3     4.3    10.0
   30    -5.3     0.8    10.0
   31    -2.2     6.3    10.0
   32    -1.4     7.5    20.0
   33    -0.7     8.8    10.0
   34    -4.3     5.0    10.0
   35    -5.8     5.0    20.0
   36    -7.2     5.0    10.0
   37    -5.3    -0.8    10.0
   38    -3.3    -4.3    10.0
   39    -6.5     1.3    10.0
   40    -7.2     2.5    20.0
   41    -7.9     3.8    10.0
   42    -6.5    -1.3    10.0
   43    -7.2    -2.5    20.0
   44    -7.9    -3.8    10.0
   45    -2.0    -5.0    10.0
   46     2.0    -5.0    10.0
   47    -4.3    -5.0    10.0
   48    -5.8    -5.0    20.0
   49    -7.2    -5.0    10.0
   50    -2.2    -6.3    10.0
   51    -1.4    -7.5    20.0
   52    -0.7    -8.8    10.0
   53     3.3    -4.3    10.0
   54     5.3    -0.8    10.0
   55     2.2    -6.3    10.0
   56     1.4    -7.5    20.0
   57     0.7    -8.8    10.0
   58     4.3    -5.0    10.0
   59     5.8    -5.0    20.0
   60     7.2    -5.0    10.0
   61     7.2     0.0    40.0
   62     3.6     6.3    40.0
   63    -3.6     6.3    40.0
   64    -7.2     0.0    40.0
   65    -3.6    -6.3    40.0
   66     3.6    -6.3    40.0
   67    10.8     6.3    40.0
   68     0.0    12.5    40.0
   69   -10.8     6.3    40.0
   70   -10.8    -6.3    40.0
   71     0.0   -12.5    40.0
   72    10.8    -6.3    40.0
   73     6.7     0.9    10.0
   74     4.1     5.3    10.0
   75     8.1    -1.6    10.0
   76     9.0    -3.1    20.0
   77     9.9    -4.7    10.0
   78     8.1     1.6    10.0
   79     9.0     3.1    20.0
   80     9.9     4.7    10.0
   81     2.5     6.3    10.0
   82    -2.5     6.3    10.0
   83     5.4     6.3    10.0
   84     7.2     6.3    20.0
   85     9.0     6.3    10.0
   86     2.7     7.8    10.0
   87     1.8     9.4    20.0
   88     0.9    10.9    10.0
   89    -4.1     5.3    10.0
   90    -6.7     0.9    10.0
   91    -2.7     7.8    10.0
   92    -1.8     9.4    20.0
   93    -0.9    10.9    10.0
   94    -5.4     6.3    10.0
   95    -7.2     6.3    20.0
   96    -9.0     6.3    10.0
   97    -6.7    -0.9    10.0
   98    -4.1    -5.3    10.0
   99    -8.1     1.6    10.0
  100    -9.0     3.1    20.0
  101    -9.9     4.7    10.0
  102    -8.1    -1.6    10.0
  103    -9.0    -3.1    20.0
  104    -9.9    -4.7    10.0
  105    -2.5    -6.3    10.0
  106     2.5    -6.3    10.0
  107    -5.4    -6.3    10.0
  108    -7.2    -6.3    20.0
  109    -9.0    -6.3    10.0
  110    -2.7    -7.8    10.0
  111    -1.8    -9.4    20.0
  112    -0.9   -10.9    10.0
  113     4.1    -5.3    10.0
  114     6.7    -0.9    10.0
  115     2.7    -7.8    10.0
  116     1.8    -9.4    20.0
  117     0.9   -10.9    10.0
  118     5.4    -6.3    10.0
  119     7.2    -6.3    20.0
  120     9.0    -6.3    10.0
  121     9.0     0.0    40.0
  122     4.5     7.8    40.0
  123    -4.5     7.8    40.0
  124    -9.0     0.0    40.0
  125    -4.5    -7.8    40.0
  126     4.5    -7.8    40.0
  127    13.5     7.8    40.0
  128     0.0    15.6    40.0
  129   -13.5     7.8    40.0
  130   -13.5    -7.8    40.0
  131     0.0   -15.6    40.0
  132    13.5    -7.8    40.0
  133     8.3     1.2    10.0
  134     5.2     6.6    10.0
  135    10.1    -2.0    10.0
  136    11.3    -3.9    20.0
  137    12.4    -5.9    10.0
  138    10.1     2.0    10.0
  139    11.3     3.9    20.0
  140    12.4     5.9    10.0
  141     3.2     7.8    10.0
  142    -3.2     7.8    10.0
  143     6.8     7.8    10.0
  144     9.0     7.8    20.0
  145    11.3     7.8    10.0
  146     3.4     9.8    10.0
  147     2.3    11.7    20.0
  148     1.1    13.7    10.0
  149    -5.2     6.6    10.0
  150    -8.3     1.2    10.0
  151    -3.4     9.8    10.0
  152    -2.3    11.7    20.0
  153    -1.1    13.7    10.0
  154    -6.8     7.8    10.0
  155    -9.0     7.8    20.0
  156   -11.3     7.8    10.0
  157    -8.3    -1.2    10.0
  158    -5.2    -6.6    10.0
  159   -10.1     2.0    10.0
  160   -11.3     3.9    20.0
  161   -12.4     5.9    10.0
  162   -10.1    -2.0    10.0
  163   -11.3    -3.9    20.0
  164   -12.4    -5.9    10.0
  165    -3.2    -7.8    10.0
  166     3.2    -7.8    10.0
  167    -6.8    -7.8    10.0
  168    -9.0    -7.8    20.0
  169   -11.3    -7.8    10.0
  170    -3.4    -9.8    10.0
  171    -2.3   -11.7    20.0
  172    -1.1   -13.7    10.0
  173     5.2    -6.6    10.0
  174     8.3    -1.2    10.0
  175     3.4    -9.8    10.0
  176     2.3   -11.7    20.0
  177     1.1   -13.7    10.0
  178     6.8    -7.8    10.0
  179     9.0    -7.8    20.0
  180    11.3    -7.8    10.0
  181    11.3     0.0    40.0
  182     5.6     9.8    40.0
  183    -5.6     9.8    40.0
  184   -11.3     0.0    40.0
  185    -5.6    -9.8    40.0
  186     5.6    -9.8    40.0
  187    16.9     9.8    40.0
  188     0.0    19.5    40.0
  189   -16.9     9.8    40.0
  190   -16.9    -9.8    40.0
  191     0.0   -19.5    40.0
  192    16.9    -9.8    40.0
  193    10.4     1.5    10.0
  194     6.5     8.3    10.0
  195    12.7    -2.4    10.0
  196    14.1    -4.9    20.0
  197    15.5    -7.3    10.0
  198    12.7     2.4    10.0
  199    14.1     4.9    20.0
  200    15.5     7.3    10.0
  201     3.9     9.8    10.0
  202    -3.9     9.8    10.0
  203     8.5     9.8    10.0
  204    11.3     9.8    20.0
  205    14.1     9.8    10.0
  206     4.2    12.2    10.0
  207     2.8    14.6    20.0
  208     1.4    17.1    10.0
  209    -6.5     8.3    10.0
  210   -10.4     1.5    10.0
  211    -4.2    12.2    10.0
  212    -2.8    14.6    20.0
  213    -1.4    17.1    10.0
  214    -8.5     9.8    10.0
  215   -11.3     9.8    20.0
  216   -14.1     9.8    10.0
  217   -10.4    -1.5    10.0
  218    -6.5    -8.3    10.0
  219   -12.7     2.4    10.0
  220   -14.1     4.9    20.0
  221   -15.5     7.3    10.0
  222   -12.7    -2.4    10.0
  223   -14.1    -4.9    20.0
  224   -15.5    -7.3    10.0
  225    -3.9    -9.8    10.0
  226     3.9    -9.8    10.0
  227    -8.5    -9.8    10.0
  228   -11.3    -9.8    20.0
  229   -14.1    -9.8    10.0
  230    -4.2   -12.2    10.0
  231    -2.8   -14.6    20.0
  232    -1.4   -17.1    10.0
  233     6.5    -8.3    10.0
  234    10.4    -1.5    10.0
  235     4.2   -12.2    10.0
  236     2.8   -14.6    20.0
  237     1.4   -17.1    10.0
  238     8.5    -9.8    10.0
  239    11.3    -9.8    20.0
  240    14.1    -9.8    10.0
Node - number of items - height and weight for each item
   0   0
   1   5    1    8    1    8    2    8    1    8    4    8
   2   2    4   20    2   20
   3   2    4   20    4   20
   4   2    1   20    1   20
   5   1    2   40
   6   2    3   20    4   20
   7   1    3   40
   8   4    2   10    3   10    2   10    2   10
   9   4    1   10    3   10    3   10    3   10
  10   3    4   12    3   12    3   16
  11   1    2   40
  12   2    3   20    4   20
  13   3    2    3    3    3    1    4
  14   2    3    5    4    5
  15   1    2   10
  16   2    2   10    1   10
  17   2    4    5    3    5
  18   2    3    5    3    5
  19   3    2    6    1    6    1    8
  20   5    2    2    2    2    4    2    1    2    1    2
  21   3    3    3    1    3    2    4
  22   5    2    2    1    2    3    2    4    2    3    2
  23   3    3    3    3    3    4    4
  24   1    2   20
  25   3    4    3    3    3    3    4
  26   4    3    2    4    2    2    2    3    4
  27   4    4    5    1    5    3    5    3    5
  28   2    1    5    3    5
  29   5    4    2    2    2    1    2    4    2    1    2
  30   5    3    2    4    2    4    2    2    2    4    2
  31   4    3    2    1    2    1    2    1    4
  32   5    1    4    2    4    3    4    2    4    4    4
  33   1    1   10
  34   1    4   10
  35   3    3    6    3    6    1    8
  36   2    4    5    2    5
  37   4    1    2    1    2    1    2    2    4
  38   3    2    3    2    3    3    4
  39   4    4    2    4    2    3    2    3    4
  40   3    3    6    1    6    2    8
  41   4    4    2    4    2    2    2    2    4
  42   2    1    5    1    5
  43   4    3    5    3    5    2    5    1    5
  44   4    2    2    2    2    1    2    1    4
  45   5    1    2    2    2    4    2    2    2    4    2
  46   1    2   10
  47   5    2    2    3    2    2    2    4    2    2    2
  48   5    3    4    2    4    1    4    2    4    2    4
  49   2    2    5    1    5
  50   4    3    2    4    2    3    2    1    4
  51   3    4    6    3    6    4    8
  52   2    4    5    2    5
  53   3    2    3    3    3    3    4
  54   3    3    3    2    3    4    4
  55   4    1    2    2    2    4    2    1    4
  56   1    1   20
  57   1    1   10
  58   2    3    5    1    5
  59   4    1    5    4    5    4    5    1    5
  60   4    2    2    1    2    2    2    4    4
  61   4    1   10    4   10    3   10    2   10
  62   4    2   10    2   10    4   10    4   10
  63   1    3   40
  64   1    4   40
  65   4    4   10    1   10    4   10    2   10
  66   5    1    8    4    8    4    8    4    8    2    8
  67   4    4   10    2   10    3   10    4   10
  68   5    4    8    4    8    1    8    1    8    4    8
  69   3    4   12    1   12    2   16
  70   5    3    8    2    8    3    8    1    8    4    8
  71   2    1   20    2   20
  72   3    2   12    2   12    1   16
  73   1    3   10
  74   5    4    2    3    2    4    2    1    2    2    2
  75   2    4    5    4    5
  76   1    1   20
  77   3    3    3    1    3    4    4
  78   1    4   10
  79   2    1   10    1   10
  80   2    3    5    2    5
  81   3    1    3    3    3    1    4
  82   3    2    3    3    3    4    4
  83   3    3    3    3    3    3    4
  84   2    3   10    1   10
  85   2    1    5    4    5
  86   1    4   10
  87   4    2    5    1    5    1    5    1    5
  88   5    4    2    4    2    1    2    2    2    1    2
  89   2    3    5    3    5
  90   4    1    2    1    2    3    2    2    4
  91   4    1    2    4    2    3    2    1    4
  92   4    2    5    2    5    3    5    3    5
  93   5    1    2    1    2    1    2    4    2    4    2
  94   4    4    2    2    2    3    2    1    4
  95   2    2   10    2   10
  96   2    3    5    4    5
  97   2    4    5    1    5
  98   4    3    2    1    2    2    2    3    4
  99   3    3    3    2    3    3    4
 100   4    4    5    4    5    1    5    4    5
 101   4    3    2    3    2    2    2    3    4
 102   5    4    2    1    2    4    2    4    2    4    2
 103   3    1    6    4    6    4    8
 104   5    2    2    2    2    1    2    4    2    3    2
 105   1    2   10
 106   1    2   10
 107   4    4    2    1    2    3    2    1    4
 108   1    1   20
 109   1    4   10
 110   4    2    2    2    2    3    2    1    4
 111   2    2   10    3   10
 112   2    3    5    3    5
 113   1    2   10
 114   1    1   10
 115   5    4    2    2    2    1    2    3    2    4    2
 116   5    1    4    4    4    1    4    2    4    1    4
 117   4    1    2    4    2    2    2    4    4
 118   2    3    5    4    5
 119   5    4    4    3    4    2    4    2    4    4    4
 120   3    2    3    4    3    3    4
 121   4    1   10    3   10    4   10    1   10
 122   5    1    8    2    8    2    8    4    8    1    8
 123   3    1   12    4   12    4   16
 124   5    1    8    4    8    3    8    1    8    2    8
 125   1    2   40
 126   3    4   12    2   12    2   16
 127   5    4    8    1    8    2    8    4    8    1    8
 128   1    3   40
 129   4    4   10    4   10    3   10    2   10
 130   1    3   40
 131   3    1   12    1   12    3   16
 132   2    2   20    1   20
 133   5    1    2    4    2    4    2    1    2    4    2
 134   4    4    2    1    2    2    2    4    4
 135   1    2   10
 136   2    2   10    4   10
 137   2    1    5    4    5
 138   3    4    3    1    3    4    4
 139   3    4    6    1    6    3    8
 140   2    3    5    2    5
 141   3    4    3    1    3    1    4
 142   3    3    3    4    3    3    4
 143   1    4   10
 144   4    2    5    1    5    1    5    4    5
 145   1    3   10
 146   5    3    2    2    2    4    2    4    2    4    2
 147   2    1   10    2   10
 148   1    3   10
 149   3    2    3    3    3    3    4
 150   5    4    2    4    2    2    2    3    2    1    2
 151   3    3    3    2    3    2    4
 152   1    3   20
 153   1    4   10
 154   2    3    5    4    5
 155   1    3   20
 156   3    4    3    2    3    3    4
 157   1    1   10
 158   5    4    2    3    2    2    2    3    2    2    2
 159   4    2    2    4    2    1    2    4    4
 160   5    4    4    1    4    4    4    4    4    4    4
 161   5    4    2    1    2    3    2    3    2    2    2
 162   2    3    5    2    5
 163   4    1    5    2    5    3    5    1    5
 164   5    1    2    1    2    3    2    2    2    3    2
 165   1    4   10
 166   4    4    2    2    2    4    2    3    4
 167   1    1   10
 168   3    2    6    1    6    1    8
 169   1    1   10
 170   5    1    2    4    2    2    2    4    2    4    2
 171   4    3    5    3    5    1    5    2    5
 172   3    2    3    4    3    2    4
 173   4    4    2    4    2    2    2    1    4
 174   1    4   10
 175   1    1   10
 176   3    4    6    2    6    2    8
 177   4    2    2    3    2    4    2    3    4
 178   1    4   10
 179   4    1    5    4    5    2    5    1    5
 180   4    2    2    3    2    3    2    4    4
 181   2    4   20    4   20
 182   5    1    8    4    8    1    8    2    8    3    8
 183   3    4   12    2   12    3   16
 184   4    3   10    2   10    3   10    1   10
 185   1    3   40
 186   1    1   40
 187   4    4   10    4   10    4   10    3   10
 188   1    2   40
 189   3    4   12    3   12    2   16
 190   3    1   12    4   12    1   16
 191   1    1   40
 192   5    4    8    4    8    2    8    2    8    4    8
 193   2    3    5    1    5
 194   3    3    3    2    3    4    4
 195   4    3    2    1    2    4    2    1    4
 196   5    2    4    1    4    4    4    4    4    4    4
 197   5    2    2    1    2    1    2    4    2    1    2
 198   1    2   10
 199   3    1    6    2    6    4    8
 200   3    2    3    2    3    1    4
 201   1    4   10
 202   2    3    5    3    5
 203   2    2    5    4    5
 204   5    1    4    1    4    3    4    3    4    4    4
 205   3    1    3    3    3    1    4
 206   3    1    3    4    3    4    4
 207   4    3    5    2    5    1    5    1    5
 208   2    3    5    1    5
 209   2    2    5    2    5
 210   5    2    2    1    2    2    2    4    2    4    2
 211   5    1    2    1    2    1    2    3    2    2    2
 212   5    4    4    3    4    4    4    4    4    2    4
 213   2    3    5    2    5
 214   2    2    5    3    5
 215   4    2    5    4    5    1    5    1    5
 216   1    3   10
 217   5    1    2    4    2    4    2    4    2    2    2
 218   2    1    5    2    5
 219   1    2   10
 220   1    4   20
 221   4    3    2    3    2    1    2    3    4
 222   5    1    2    1    2    1    2    2    2    2    2
 223   5    3    4    1    4    4    4    1    4    3    4
 224   4    2    2    2    2    2    2    2    4
 225   5    3    2    1    2    1    2    3    2    2    2
 226   2    3    5    3    5
 227   1    2   10
 228   5    4    4    1    4    4    4    2    4    4    4
 229   3    4    3    4    3    4    4
 230   4    1    2    1    2    4    2    3    4
 231   5    1    4    1    4    2    4    1    4    4    4
 232   3    4    3    3    3    3    4
 233   5    2    2    4    2    1    2    4    2    4    2
 234   4    2    2    1    2    2    2    1    4
 235   5    1    2    3    2    2    2    4    2    1    2
 236   3    4    6    1    6    4    8
 237   4    2    2    2    2    2    2    1    4
 238   1    1   10
 239   5    2    4    1    4    1    4    3    4    3    4
 240   1    1   10
