Instance: E076-08s.dat
Class:  2
   75 --- number of customers (no depot)
   15 --- number of vehicles
    8 --- number of stacks on the vehicle
  112 --- number of items
Capacity of the vehicle - height of each stacks
    900    10
Node - x - y - demand
    0    40.0    40.0     0.0
    1    22.0    22.0    18.0
    2    36.0    26.0    26.0
    3    21.0    45.0    11.0
    4    45.0    35.0    30.0
    5    55.0    20.0    21.0
    6    33.0    34.0    19.0
    7    50.0    50.0    15.0
    8    55.0    45.0    16.0
    9    26.0    59.0    29.0
   10    40.0    66.0    26.0
   11    55.0    65.0    37.0
   12    35.0    51.0    16.0
   13    62.0    35.0    12.0
   14    62.0    57.0    31.0
   15    62.0    24.0     8.0
   16    21.0    36.0    19.0
   17    33.0    44.0    20.0
   18     9.0    56.0    13.0
   19    62.0    48.0    15.0
   20    66.0    14.0    22.0
   21    44.0    13.0    28.0
   22    26.0    13.0    12.0
   23    11.0    28.0     6.0
   24     7.0    43.0    27.0
   25    17.0    64.0    14.0
   26    41.0    46.0    18.0
   27    55.0    34.0    17.0
   28    35.0    16.0    29.0
   29    52.0    26.0    13.0
   30    43.0    26.0    22.0
   31    31.0    76.0    25.0
   32    22.0    53.0    28.0
   33    26.0    29.0    27.0
   34    50.0    40.0    19.0
   35    55.0    50.0    10.0
   36    54.0    10.0    12.0
   37    60.0    15.0    14.0
   38    47.0    66.0    24.0
   39    30.0    60.0    16.0
   40    30.0    50.0    33.0
   41    12.0    17.0    15.0
   42    15.0    14.0    11.0
   43    16.0    19.0    18.0
   44    21.0    48.0    17.0
   45    50.0    30.0    21.0
   46    51.0    42.0    27.0
   47    50.0    15.0    19.0
   48    48.0    21.0    20.0
   49    12.0    38.0     5.0
   50    15.0    56.0    22.0
   51    29.0    39.0    12.0
   52    54.0    38.0    19.0
   53    55.0    57.0    22.0
   54    67.0    41.0    16.0
   55    10.0    70.0     7.0
   56     6.0    25.0    26.0
   57    65.0    27.0    14.0
   58    40.0    60.0    21.0
   59    70.0    64.0    24.0
   60    64.0     4.0    13.0
   61    36.0     6.0    15.0
   62    30.0    20.0    18.0
   63    20.0    30.0    11.0
   64    15.0     5.0    28.0
   65    50.0    70.0     9.0
   66    57.0    72.0    37.0
   67    45.0    42.0    30.0
   68    38.0    33.0    10.0
   69    50.0     4.0     8.0
   70    66.0     8.0    11.0
   71    59.0     5.0     3.0
   72    35.0    60.0     1.0
   73    27.0    24.0     6.0
   74    40.0    20.0    10.0
   75    40.0    37.0    20.0
Node - number of items - height and weight for each item
   0   0
   1   1    2   18
   2   1    4   26
   3   2    4    5    2    6
   4   2    2   15    4   15
   5   2    4   10    3   11
   6   1    1   19
   7   2    2    7    4    8
   8   2    2    8    2    8
   9   2    1   14    1   15
  10   1    3   26
  11   1    2   37
  12   1    2   16
  13   1    3   12
  14   1    4   31
  15   2    1    4    3    4
  16   1    3   19
  17   2    2   10    1   10
  18   2    3    6    3    7
  19   1    3   15
  20   2    4   11    1   11
  21   2    2   14    4   14
  22   2    4    6    4    6
  23   1    2    6
  24   2    3   13    4   14
  25   2    4    7    4    7
  26   1    4   18
  27   2    4    8    1    9
  28   2    3   14    4   15
  29   2    1    6    4    7
  30   1    4   22
  31   2    2   12    2   13
  32   1    4   28
  33   1    4   27
  34   2    2    9    3   10
  35   2    3    5    2    5
  36   2    1    6    4    6
  37   2    1    7    2    7
  38   2    2   12    4   12
  39   1    4   16
  40   2    2   16    2   17
  41   1    2   15
  42   2    1    5    4    6
  43   1    3   18
  44   1    3   17
  45   1    2   21
  46   2    4   13    4   14
  47   1    2   19
  48   1    1   20
  49   1    4    5
  50   2    2   11    1   11
  51   1    3   12
  52   1    1   19
  53   2    2   11    4   11
  54   1    4   16
  55   1    4    7
  56   2    1   13    2   13
  57   1    2   14
  58   1    1   21
  59   1    4   24
  60   1    2   13
  61   2    3    7    2    8
  62   1    2   18
  63   1    4   11
  64   2    1   14    3   14
  65   1    2    9
  66   1    1   37
  67   2    4   15    1   15
  68   2    1    5    1    5
  69   1    3    8
  70   2    1    5    3    6
  71   1    2    3
  72   1    3    1
  73   1    2    6
  74   1    1   10
  75   2    3   10    2   10
