Instance: E253-27k.dat
Class:  1
  252 --- number of customers (no depot)
   45 --- number of vehicles
    8 --- number of stacks on the vehicle
  252 --- number of items
Capacity of the vehicle - height of each stacks
    900    10
Node - x - y - demand
    0     0.0     0.0    0.0
    1     3.0     1.0   50.0
    2     3.0     3.0   50.0
    3     1.0     3.0   50.0
    4    -1.0     3.0   50.0
    5    -3.0     3.0   50.0
    6    -3.0     1.0   50.0
    7    -3.0    -1.0   50.0
    8    -3.0    -3.0   50.0
    9    -1.0    -3.0   50.0
   10     1.0    -3.0   50.0
   11     3.0    -3.0   50.0
   12     3.0    -1.0   50.0
   13     5.0     1.0   25.0
   14     5.0     3.0   25.0
   15     5.0     5.0   25.0
   16     3.0     5.0   25.0
   17     1.0     5.0   25.0
   18    -1.0     5.0   25.0
   19    -3.0     5.0   25.0
   20    -5.0     5.0   25.0
   21    -5.0     3.0   25.0
   22    -5.0     1.0   25.0
   23    -5.0    -1.0   25.0
   24    -5.0    -3.0   25.0
   25    -5.0    -5.0   25.0
   26    -3.0    -5.0   25.0
   27    -1.0    -5.0   25.0
   28     1.0    -5.0   25.0
   29     3.0    -5.0   25.0
   30     5.0    -5.0   25.0
   31     5.0    -3.0   25.0
   32     5.0    -1.0   25.0
   33     7.0     1.0   40.0
   34     7.0     3.0   40.0
   35     7.0     5.0   40.0
   36     7.0     7.0   40.0
   37     5.0     7.0   40.0
   38     3.0     7.0   40.0
   39     1.0     7.0   40.0
   40    -1.0     7.0   40.0
   41    -3.0     7.0   40.0
   42    -5.0     7.0   40.0
   43    -7.0     7.0   40.0
   44    -7.0     5.0   40.0
   45    -7.0     3.0   40.0
   46    -7.0     1.0   40.0
   47    -7.0    -1.0   40.0
   48    -7.0    -3.0   40.0
   49    -7.0    -5.0   40.0
   50    -7.0    -7.0   40.0
   51    -5.0    -7.0   40.0
   52    -3.0    -7.0   40.0
   53    -1.0    -7.0   40.0
   54     1.0    -7.0   40.0
   55     3.0    -7.0   40.0
   56     5.0    -7.0   40.0
   57     7.0    -7.0   40.0
   58     7.0    -5.0   40.0
   59     7.0    -3.0   40.0
   60     7.0    -1.0   40.0
   61     9.0     1.0   30.0
   62     9.0     3.0   30.0
   63     9.0     5.0   30.0
   64     9.0     7.0   30.0
   65     9.0     9.0   30.0
   66     7.0     9.0   30.0
   67     5.0     9.0   30.0
   68     3.0     9.0   30.0
   69     1.0     9.0   30.0
   70    -1.0     9.0   30.0
   71    -3.0     9.0   30.0
   72    -5.0     9.0   30.0
   73    -7.0     9.0   30.0
   74    -9.0     9.0   30.0
   75    -9.0     7.0   30.0
   76    -9.0     5.0   30.0
   77    -9.0     3.0   30.0
   78    -9.0     1.0   30.0
   79    -9.0    -1.0   30.0
   80    -9.0    -3.0   30.0
   81    -9.0    -5.0   30.0
   82    -9.0    -7.0   30.0
   83    -9.0    -9.0   30.0
   84    -7.0    -9.0   30.0
   85    -5.0    -9.0   30.0
   86    -3.0    -9.0   30.0
   87    -1.0    -9.0   30.0
   88     1.0    -9.0   30.0
   89     3.0    -9.0   30.0
   90     5.0    -9.0   30.0
   91     7.0    -9.0   30.0
   92     9.0    -9.0   30.0
   93     9.0    -7.0   30.0
   94     9.0    -5.0   30.0
   95     9.0    -3.0   30.0
   96     9.0    -1.0   30.0
   97    11.0     1.0   21.0
   98    11.0     3.0   21.0
   99    11.0     5.0   21.0
  100    11.0     7.0   21.0
  101    11.0     9.0   21.0
  102    11.0    11.0   21.0
  103     9.0    11.0   21.0
  104     7.0    11.0   21.0
  105     5.0    11.0   21.0
  106     3.0    11.0   21.0
  107     1.0    11.0   21.0
  108    -1.0    11.0   21.0
  109    -3.0    11.0   21.0
  110    -5.0    11.0   21.0
  111    -7.0    11.0   21.0
  112    -9.0    11.0   21.0
  113   -11.0    11.0   21.0
  114   -11.0     9.0   21.0
  115   -11.0     7.0   21.0
  116   -11.0     5.0   21.0
  117   -11.0     3.0   21.0
  118   -11.0     1.0   21.0
  119   -11.0    -1.0   21.0
  120   -11.0    -3.0   21.0
  121   -11.0    -5.0   21.0
  122   -11.0    -7.0   21.0
  123   -11.0    -9.0   21.0
  124   -11.0   -11.0   21.0
  125    -9.0   -11.0   21.0
  126    -7.0   -11.0   21.0
  127    -5.0   -11.0   21.0
  128    -3.0   -11.0   21.0
  129    -1.0   -11.0   21.0
  130     1.0   -11.0   21.0
  131     3.0   -11.0   21.0
  132     5.0   -11.0   21.0
  133     7.0   -11.0   21.0
  134     9.0   -11.0   21.0
  135    11.0   -11.0   21.0
  136    11.0    -9.0   21.0
  137    11.0    -7.0   21.0
  138    11.0    -5.0   21.0
  139    11.0    -3.0   21.0
  140    11.0    -1.0   21.0
  141    13.0     1.0   15.0
  142    13.0     3.0   15.0
  143    13.0     5.0   15.0
  144    13.0     7.0   15.0
  145    13.0     9.0   15.0
  146    13.0    11.0   15.0
  147    13.0    13.0   15.0
  148    11.0    13.0   15.0
  149     9.0    13.0   15.0
  150     7.0    13.0   15.0
  151     5.0    13.0   15.0
  152     3.0    13.0   15.0
  153     1.0    13.0   15.0
  154    -1.0    13.0   15.0
  155    -3.0    13.0   15.0
  156    -5.0    13.0   15.0
  157    -7.0    13.0   15.0
  158    -9.0    13.0   15.0
  159   -11.0    13.0   15.0
  160   -13.0    13.0   15.0
  161   -13.0    11.0   15.0
  162   -13.0     9.0   15.0
  163   -13.0     7.0   15.0
  164   -13.0     5.0   15.0
  165   -13.0     3.0   15.0
  166   -13.0     1.0   15.0
  167   -13.0    -1.0   15.0
  168   -13.0    -3.0   15.0
  169   -13.0    -5.0   15.0
  170   -13.0    -7.0   15.0
  171   -13.0    -9.0   15.0
  172   -13.0   -11.0   15.0
  173   -13.0   -13.0   15.0
  174   -11.0   -13.0   15.0
  175    -9.0   -13.0   15.0
  176    -7.0   -13.0   15.0
  177    -5.0   -13.0   15.0
  178    -3.0   -13.0   15.0
  179    -1.0   -13.0   15.0
  180     1.0   -13.0   15.0
  181     3.0   -13.0   15.0
  182     5.0   -13.0   15.0
  183     7.0   -13.0   15.0
  184     9.0   -13.0   15.0
  185    11.0   -13.0   15.0
  186    13.0   -13.0   15.0
  187    13.0   -11.0   15.0
  188    13.0    -9.0   15.0
  189    13.0    -7.0   15.0
  190    13.0    -5.0   15.0
  191    13.0    -3.0   15.0
  192    13.0    -1.0   15.0
  193    15.0     1.0   10.0
  194    15.0     3.0   10.0
  195    15.0     5.0   10.0
  196    15.0     7.0   10.0
  197    15.0     9.0   10.0
  198    15.0    11.0   10.0
  199    15.0    13.0   10.0
  200    15.0    15.0   10.0
  201    13.0    15.0   10.0
  202    11.0    15.0   10.0
  203     9.0    15.0   10.0
  204     7.0    15.0   10.0
  205     5.0    15.0   10.0
  206     3.0    15.0   10.0
  207     1.0    15.0   10.0
  208    -1.0    15.0   10.0
  209    -3.0    15.0   10.0
  210    -5.0    15.0   10.0
  211    -7.0    15.0   10.0
  212    -9.0    15.0   10.0
  213   -11.0    15.0   10.0
  214   -13.0    15.0   10.0
  215   -15.0    15.0   10.0
  216   -15.0    13.0   10.0
  217   -15.0    11.0   10.0
  218   -15.0     9.0   10.0
  219   -15.0     7.0   10.0
  220   -15.0     5.0   10.0
  221   -15.0     3.0   10.0
  222   -15.0     1.0   10.0
  223   -15.0    -1.0   10.0
  224   -15.0    -3.0   10.0
  225   -15.0    -5.0   10.0
  226   -15.0    -7.0   10.0
  227   -15.0    -9.0   10.0
  228   -15.0   -11.0   10.0
  229   -15.0   -13.0   10.0
  230   -15.0   -15.0   10.0
  231   -13.0   -15.0   10.0
  232   -11.0   -15.0   10.0
  233    -9.0   -15.0   10.0
  234    -7.0   -15.0   10.0
  235    -5.0   -15.0   10.0
  236    -3.0   -15.0   10.0
  237    -1.0   -15.0   10.0
  238     1.0   -15.0   10.0
  239     3.0   -15.0   10.0
  240     5.0   -15.0   10.0
  241     7.0   -15.0   10.0
  242     9.0   -15.0   10.0
  243    11.0   -15.0   10.0
  244    13.0   -15.0   10.0
  245    15.0   -15.0   10.0
  246    15.0   -13.0   10.0
  247    15.0   -11.0   10.0
  248    15.0    -9.0   10.0
  249    15.0    -7.0   10.0
  250    15.0    -5.0   10.0
  251    15.0    -3.0   10.0
  252    15.0    -1.0   10.0
Node - number of items - height and weight for each item
   0   0
   1   1    4   50
   2   1    1   50
   3   1    3   50
   4   1    4   50
   5   1    2   50
   6   1    3   50
   7   1    3   50
   8   1    1   50
   9   1    3   50
  10   1    1   50
  11   1    1   50
  12   1    2   50
  13   1    2   25
  14   1    2   25
  15   1    3   25
  16   1    4   25
  17   1    1   25
  18   1    4   25
  19   1    1   25
  20   1    1   25
  21   1    3   25
  22   1    4   25
  23   1    2   25
  24   1    2   25
  25   1    2   25
  26   1    2   25
  27   1    3   25
  28   1    2   25
  29   1    1   25
  30   1    3   25
  31   1    4   25
  32   1    2   25
  33   1    2   40
  34   1    3   40
  35   1    4   40
  36   1    2   40
  37   1    4   40
  38   1    1   40
  39   1    2   40
  40   1    2   40
  41   1    1   40
  42   1    3   40
  43   1    1   40
  44   1    4   40
  45   1    2   40
  46   1    2   40
  47   1    1   40
  48   1    1   40
  49   1    4   40
  50   1    1   40
  51   1    3   40
  52   1    3   40
  53   1    1   40
  54   1    1   40
  55   1    4   40
  56   1    2   40
  57   1    2   40
  58   1    1   40
  59   1    1   40
  60   1    1   40
  61   1    3   30
  62   1    3   30
  63   1    1   30
  64   1    3   30
  65   1    3   30
  66   1    2   30
  67   1    1   30
  68   1    1   30
  69   1    2   30
  70   1    1   30
  71   1    4   30
  72   1    2   30
  73   1    4   30
  74   1    4   30
  75   1    3   30
  76   1    2   30
  77   1    4   30
  78   1    2   30
  79   1    4   30
  80   1    3   30
  81   1    1   30
  82   1    3   30
  83   1    3   30
  84   1    1   30
  85   1    3   30
  86   1    3   30
  87   1    3   30
  88   1    4   30
  89   1    1   30
  90   1    3   30
  91   1    1   30
  92   1    4   30
  93   1    2   30
  94   1    2   30
  95   1    2   30
  96   1    4   30
  97   1    2   21
  98   1    2   21
  99   1    4   21
 100   1    1   21
 101   1    3   21
 102   1    4   21
 103   1    3   21
 104   1    1   21
 105   1    2   21
 106   1    1   21
 107   1    4   21
 108   1    3   21
 109   1    3   21
 110   1    2   21
 111   1    2   21
 112   1    2   21
 113   1    4   21
 114   1    3   21
 115   1    3   21
 116   1    2   21
 117   1    1   21
 118   1    4   21
 119   1    4   21
 120   1    1   21
 121   1    1   21
 122   1    4   21
 123   1    1   21
 124   1    2   21
 125   1    3   21
 126   1    1   21
 127   1    3   21
 128   1    2   21
 129   1    3   21
 130   1    3   21
 131   1    3   21
 132   1    4   21
 133   1    3   21
 134   1    4   21
 135   1    4   21
 136   1    2   21
 137   1    1   21
 138   1    4   21
 139   1    4   21
 140   1    4   21
 141   1    3   15
 142   1    3   15
 143   1    3   15
 144   1    1   15
 145   1    1   15
 146   1    3   15
 147   1    4   15
 148   1    4   15
 149   1    1   15
 150   1    2   15
 151   1    3   15
 152   1    1   15
 153   1    1   15
 154   1    4   15
 155   1    3   15
 156   1    3   15
 157   1    4   15
 158   1    4   15
 159   1    4   15
 160   1    4   15
 161   1    2   15
 162   1    1   15
 163   1    4   15
 164   1    3   15
 165   1    2   15
 166   1    3   15
 167   1    3   15
 168   1    2   15
 169   1    1   15
 170   1    3   15
 171   1    3   15
 172   1    4   15
 173   1    4   15
 174   1    3   15
 175   1    1   15
 176   1    4   15
 177   1    4   15
 178   1    1   15
 179   1    1   15
 180   1    3   15
 181   1    1   15
 182   1    3   15
 183   1    4   15
 184   1    3   15
 185   1    2   15
 186   1    3   15
 187   1    4   15
 188   1    4   15
 189   1    3   15
 190   1    3   15
 191   1    4   15
 192   1    3   15
 193   1    4   10
 194   1    4   10
 195   1    1   10
 196   1    1   10
 197   1    1   10
 198   1    3   10
 199   1    4   10
 200   1    4   10
 201   1    4   10
 202   1    1   10
 203   1    4   10
 204   1    4   10
 205   1    3   10
 206   1    3   10
 207   1    2   10
 208   1    1   10
 209   1    2   10
 210   1    4   10
 211   1    4   10
 212   1    4   10
 213   1    1   10
 214   1    1   10
 215   1    3   10
 216   1    3   10
 217   1    2   10
 218   1    1   10
 219   1    4   10
 220   1    1   10
 221   1    4   10
 222   1    3   10
 223   1    1   10
 224   1    2   10
 225   1    4   10
 226   1    4   10
 227   1    3   10
 228   1    3   10
 229   1    2   10
 230   1    2   10
 231   1    2   10
 232   1    1   10
 233   1    4   10
 234   1    1   10
 235   1    1   10
 236   1    4   10
 237   1    3   10
 238   1    4   10
 239   1    4   10
 240   1    1   10
 241   1    3   10
 242   1    3   10
 243   1    3   10
 244   1    3   10
 245   1    3   10
 246   1    2   10
 247   1    3   10
 248   1    2   10
 249   1    3   10
 250   1    2   10
 251   1    3   10
 252   1    1   10
