Instance: E151-12b.dat
Class:  5
  150 --- number of customers (no depot)
   30 --- number of vehicles
    8 --- number of stacks on the vehicle
  433 --- number of items
Capacity of the vehicle - height of each stacks
    900    10
Node - x - y - demand
    0    35.0    35.0     0.0
    1    41.0    49.0    10.0
    2    35.0    17.0     7.0
    3    55.0    45.0    13.0
    4    55.0    20.0    19.0
    5    15.0    30.0    26.0
    6    25.0    30.0     3.0
    7    20.0    50.0     5.0
    8    10.0    43.0     9.0
    9    55.0    60.0    16.0
   10    30.0    60.0    16.0
   11    20.0    65.0    12.0
   12    50.0    35.0    19.0
   13    30.0    25.0    23.0
   14    15.0    10.0    20.0
   15    30.0     5.0     8.0
   16    10.0    20.0    19.0
   17     5.0    30.0     2.0
   18    20.0    40.0    12.0
   19    15.0    60.0    17.0
   20    45.0    65.0     9.0
   21    45.0    20.0    11.0
   22    45.0    10.0    18.0
   23    55.0     5.0    29.0
   24    65.0    35.0     3.0
   25    65.0    20.0     6.0
   26    45.0    30.0    17.0
   27    35.0    40.0    16.0
   28    41.0    37.0    16.0
   29    64.0    42.0     9.0
   30    40.0    60.0    21.0
   31    31.0    52.0    27.0
   32    35.0    69.0    23.0
   33    53.0    52.0    11.0
   34    65.0    55.0    14.0
   35    63.0    65.0     8.0
   36     2.0    60.0     5.0
   37    20.0    20.0     8.0
   38     5.0     5.0    16.0
   39    60.0    12.0    31.0
   40    40.0    25.0     9.0
   41    42.0     7.0     5.0
   42    24.0    12.0     5.0
   43    23.0     3.0     7.0
   44    11.0    14.0    18.0
   45     6.0    38.0    16.0
   46     2.0    48.0     1.0
   47     8.0    56.0    27.0
   48    13.0    52.0    36.0
   49     6.0    68.0    30.0
   50    47.0    47.0    13.0
   51    49.0    58.0    10.0
   52    27.0    43.0     9.0
   53    37.0    31.0    14.0
   54    57.0    29.0    18.0
   55    63.0    23.0     2.0
   56    53.0    12.0     6.0
   57    32.0    12.0     7.0
   58    36.0    26.0    18.0
   59    21.0    24.0    28.0
   60    17.0    34.0     3.0
   61    12.0    24.0    13.0
   62    24.0    58.0    19.0
   63    27.0    69.0    10.0
   64    15.0    77.0     9.0
   65    62.0    77.0    20.0
   66    49.0    73.0    25.0
   67    67.0     5.0    25.0
   68    56.0    39.0    36.0
   69    37.0    47.0     6.0
   70    37.0    56.0     5.0
   71    57.0    68.0    15.0
   72    47.0    16.0    25.0
   73    44.0    17.0     9.0
   74    46.0    13.0     8.0
   75    49.0    11.0    18.0
   76    49.0    42.0    13.0
   77    53.0    43.0    14.0
   78    61.0    52.0     3.0
   79    57.0    48.0    23.0
   80    56.0    37.0     6.0
   81    55.0    54.0    26.0
   82    15.0    47.0    16.0
   83    14.0    37.0    11.0
   84    11.0    31.0     7.0
   85    16.0    22.0    41.0
   86     4.0    18.0    35.0
   87    28.0    18.0    26.0
   88    26.0    52.0     9.0
   89    26.0    35.0    15.0
   90    31.0    67.0     3.0
   91    15.0    19.0     1.0
   92    22.0    22.0     2.0
   93    18.0    24.0    22.0
   94    26.0    27.0    27.0
   95    25.0    24.0    20.0
   96    22.0    27.0    11.0
   97    25.0    21.0    12.0
   98    19.0    21.0    10.0
   99    20.0    26.0     9.0
  100    18.0    18.0    17.0
  101    37.0    52.0     7.0
  102    49.0    49.0    30.0
  103    52.0    64.0    16.0
  104    20.0    26.0     9.0
  105    40.0    30.0    21.0
  106    21.0    47.0    15.0
  107    17.0    63.0    19.0
  108    31.0    62.0    23.0
  109    52.0    33.0    11.0
  110    51.0    21.0     5.0
  111    42.0    41.0    19.0
  112    31.0    32.0    29.0
  113     5.0    25.0    23.0
  114    12.0    42.0    21.0
  115    36.0    16.0    10.0
  116    52.0    41.0    15.0
  117    27.0    23.0     3.0
  118    17.0    33.0    41.0
  119    13.0    13.0     9.0
  120    57.0    58.0    28.0
  121    62.0    42.0     8.0
  122    42.0    57.0     8.0
  123    16.0    57.0    16.0
  124     8.0    52.0    10.0
  125     7.0    38.0    28.0
  126    27.0    68.0     7.0
  127    30.0    48.0    15.0
  128    43.0    67.0    14.0
  129    58.0    48.0     6.0
  130    58.0    27.0    19.0
  131    37.0    69.0    11.0
  132    38.0    46.0    12.0
  133    46.0    10.0    23.0
  134    61.0    33.0    26.0
  135    62.0    63.0    17.0
  136    63.0    69.0     6.0
  137    32.0    22.0     9.0
  138    45.0    35.0    15.0
  139    59.0    15.0    14.0
  140     5.0     6.0     7.0
  141    10.0    17.0    27.0
  142    21.0    10.0    13.0
  143     5.0    64.0    11.0
  144    30.0    15.0    16.0
  145    39.0    10.0    10.0
  146    32.0    39.0     5.0
  147    25.0    32.0    25.0
  148    25.0    55.0    17.0
  149    48.0    28.0    18.0
  150    56.0    37.0    10.0
Node - number of items - height and weight for each item
   0   0
   1   5    1    2    2    2    1    2    1    2    4    2
   2   3    3    2    3    2    4    3
   3   2    2    6    1    7
   4   3    1    5    2    5    2    9
   5   1    2   26
   6   1    2    3
   7   1    1    5
   8   2    3    4    3    5
   9   4    2    4    1    4    2    4    2    4
  10   2    2    8    4    8
  11   1    2   12
  12   1    2   19
  13   5    3    4    1    4    2    4    4    4    1    7
  14   5    1    4    1    4    1    4    1    4    1    4
  15   5    2    1    4    1    1    1    1    1    3    4
  16   5    2    3    2    3    4    3    4    3    3    7
  17   1    3    2
  18   1    2   12
  19   2    3    8    3    9
  20   2    4    4    2    5
  21   1    2   11
  22   5    4    3    1    3    4    3    3    3    1    6
  23   2    3   14    2   15
  24   1    3    3
  25   1    3    6
  26   3    3    5    1    5    3    7
  27   1    4   16
  28   5    3    3    2    3    3    3    2    3    2    4
  29   2    1    4    3    5
  30   2    4   10    4   11
  31   4    2    6    2    6    3    6    4    9
  32   5    3    4    4    4    2    4    3    4    1    7
  33   3    1    3    2    3    2    5
  34   1    2   14
  35   4    4    2    1    2    4    2    3    2
  36   1    1    5
  37   1    1    8
  38   2    3    8    1    8
  39   3    1    9    1    9    3   13
  40   2    1    4    2    5
  41   1    3    5
  42   1    2    5
  43   2    4    3    2    4
  44   5    4    3    1    3    4    3    1    3    4    6
  45   2    3    8    1    8
  46   1    3    1
  47   3    4    8    1    8    2   11
  48   2    2   18    1   18
  49   3    2    9    4    9    4   12
  50   5    2    2    4    2    3    2    3    2    1    5
  51   3    3    3    2    3    2    4
  52   3    2    2    4    2    2    5
  53   2    3    7    1    7
  54   5    1    3    2    3    2    3    1    3    3    6
  55   1    2    2
  56   1    1    6
  57   1    1    7
  58   1    3   18
  59   5    3    5    3    5    1    5    1    5    1    8
  60   1    2    3
  61   2    4    6    2    7
  62   1    4   19
  63   5    4    2    1    2    1    2    4    2    2    2
  64   3    4    2    4    2    4    5
  65   5    4    4    2    4    4    4    1    4    3    4
  66   2    3   12    3   13
  67   4    2    6    4    6    3    6    4    7
  68   1    3   36
  69   1    1    6
  70   1    3    5
  71   2    4    7    3    8
  72   5    1    5    2    5    3    5    2    5    4    5
  73   3    3    2    4    2    3    5
  74   3    4    2    1    2    2    4
  75   5    4    3    1    3    4    3    3    3    3    6
  76   4    4    3    2    3    2    3    2    4
  77   3    2    4    2    4    4    6
  78   1    2    3
  79   5    3    4    3    4    2    4    1    4    1    7
  80   1    4    6
  81   2    2   13    3   13
  82   1    1   16
  83   1    2   11
  84   2    3    3    1    4
  85   5    1    8    3    8    2    8    1    8    3    9
  86   4    2    8    2    8    1    8    1   11
  87   5    3    5    3    5    3    5    1    5    1    6
  88   1    2    9
  89   2    4    7    3    8
  90   1    4    3
  91   1    4    1
  92   1    4    2
  93   4    1    5    4    5    4    5    2    7
  94   2    2   13    3   14
  95   5    1    4    4    4    2    4    2    4    1    4
  96   3    1    3    1    3    3    5
  97   3    3    3    1    3    1    6
  98   5    1    2    3    2    1    2    1    2    4    2
  99   5    3    1    4    1    4    1    3    1    4    5
 100   4    4    4    3    4    4    4    3    5
 101   2    1    3    2    4
 102   1    2   30
 103   3    2    4    3    4    4    8
 104   1    4    9
 105   3    1    6    2    6    4    9
 106   3    1    4    1    4    3    7
 107   2    3    9    3   10
 108   1    2   23
 109   5    1    2    3    2    1    2    4    2    1    3
 110   1    2    5
 111   1    4   19
 112   1    1   29
 113   5    1    4    4    4    4    4    4    4    2    7
 114   2    1   10    3   11
 115   3    1    3    1    3    3    4
 116   2    2    7    4    8
 117   1    3    3
 118   4    2   10    4   10    3   10    1   11
 119   3    4    2    3    2    3    5
 120   3    3    8    3    8    4   12
 121   5    1    1    3    1    1    1    2    1    1    4
 122   4    4    2    4    2    2    2    4    2
 123   1    3   16
 124   1    2   10
 125   4    1    7    3    7    2    7    2    7
 126   1    3    7
 127   3    2    4    4    4    3    7
 128   2    2    7    2    7
 129   1    4    6
 130   3    1    5    2    5    1    9
 131   2    1    5    2    6
 132   2    4    6    4    6
 133   3    1    6    3    6    1   11
 134   1    3   26
 135   2    4    8    3    9
 136   1    4    6
 137   1    2    9
 138   4    4    3    2    3    2    3    4    6
 139   4    2    3    2    3    1    3    3    5
 140   4    4    1    2    1    3    1    3    4
 141   3    1    8    4    8    1   11
 142   2    4    6    4    7
 143   3    4    3    3    3    4    5
 144   4    1    4    1    4    1    4    2    4
 145   4    4    2    4    2    2    2    4    4
 146   1    4    5
 147   5    3    5    4    5    3    5    3    5    1    5
 148   4    1    4    4    4    2    4    3    5
 149   3    4    5    1    5    3    8
 150   4    4    2    3    2    2    2    1    4
