Instance: E241-22k.dat
Class:  2
  240 --- number of customers (no depot)
   46 --- number of vehicles
    8 --- number of stacks on the vehicle
  370 --- number of items
Capacity of the vehicle - height of each stacks
    900    10
Node - x - y - demand
    0     0.0     0.0     0.0
    1     5.8     0.0    40.0
    2     2.9     5.0    40.0
    3    -2.9     5.0    40.0
    4    -5.8     0.0    40.0
    5    -2.9    -5.0    40.0
    6     2.9    -5.0    40.0
    7     8.7     5.0    40.0
    8     0.0    10.0    40.0
    9    -8.7     5.0    40.0
   10    -8.7    -5.0    40.0
   11     0.0   -10.0    40.0
   12     8.7    -5.0    40.0
   13     5.3     0.8    10.0
   14     3.3     4.3    10.0
   15     6.5    -1.3    10.0
   16     7.2    -2.5    20.0
   17     7.9    -3.8    10.0
   18     6.5     1.3    10.0
   19     7.2     2.5    20.0
   20     7.9     3.8    10.0
   21     2.0     5.0    10.0
   22    -2.0     5.0    10.0
   23     4.3     5.0    10.0
   24     5.8     5.0    20.0
   25     7.2     5.0    10.0
   26     2.2     6.3    10.0
   27     1.4     7.5    20.0
   28     0.7     8.8    10.0
   29    -3.3     4.3    10.0
   30    -5.3     0.8    10.0
   31    -2.2     6.3    10.0
   32    -1.4     7.5    20.0
   33    -0.7     8.8    10.0
   34    -4.3     5.0    10.0
   35    -5.8     5.0    20.0
   36    -7.2     5.0    10.0
   37    -5.3    -0.8    10.0
   38    -3.3    -4.3    10.0
   39    -6.5     1.3    10.0
   40    -7.2     2.5    20.0
   41    -7.9     3.8    10.0
   42    -6.5    -1.3    10.0
   43    -7.2    -2.5    20.0
   44    -7.9    -3.8    10.0
   45    -2.0    -5.0    10.0
   46     2.0    -5.0    10.0
   47    -4.3    -5.0    10.0
   48    -5.8    -5.0    20.0
   49    -7.2    -5.0    10.0
   50    -2.2    -6.3    10.0
   51    -1.4    -7.5    20.0
   52    -0.7    -8.8    10.0
   53     3.3    -4.3    10.0
   54     5.3    -0.8    10.0
   55     2.2    -6.3    10.0
   56     1.4    -7.5    20.0
   57     0.7    -8.8    10.0
   58     4.3    -5.0    10.0
   59     5.8    -5.0    20.0
   60     7.2    -5.0    10.0
   61     7.2     0.0    40.0
   62     3.6     6.3    40.0
   63    -3.6     6.3    40.0
   64    -7.2     0.0    40.0
   65    -3.6    -6.3    40.0
   66     3.6    -6.3    40.0
   67    10.8     6.3    40.0
   68     0.0    12.5    40.0
   69   -10.8     6.3    40.0
   70   -10.8    -6.3    40.0
   71     0.0   -12.5    40.0
   72    10.8    -6.3    40.0
   73     6.7     0.9    10.0
   74     4.1     5.3    10.0
   75     8.1    -1.6    10.0
   76     9.0    -3.1    20.0
   77     9.9    -4.7    10.0
   78     8.1     1.6    10.0
   79     9.0     3.1    20.0
   80     9.9     4.7    10.0
   81     2.5     6.3    10.0
   82    -2.5     6.3    10.0
   83     5.4     6.3    10.0
   84     7.2     6.3    20.0
   85     9.0     6.3    10.0
   86     2.7     7.8    10.0
   87     1.8     9.4    20.0
   88     0.9    10.9    10.0
   89    -4.1     5.3    10.0
   90    -6.7     0.9    10.0
   91    -2.7     7.8    10.0
   92    -1.8     9.4    20.0
   93    -0.9    10.9    10.0
   94    -5.4     6.3    10.0
   95    -7.2     6.3    20.0
   96    -9.0     6.3    10.0
   97    -6.7    -0.9    10.0
   98    -4.1    -5.3    10.0
   99    -8.1     1.6    10.0
  100    -9.0     3.1    20.0
  101    -9.9     4.7    10.0
  102    -8.1    -1.6    10.0
  103    -9.0    -3.1    20.0
  104    -9.9    -4.7    10.0
  105    -2.5    -6.3    10.0
  106     2.5    -6.3    10.0
  107    -5.4    -6.3    10.0
  108    -7.2    -6.3    20.0
  109    -9.0    -6.3    10.0
  110    -2.7    -7.8    10.0
  111    -1.8    -9.4    20.0
  112    -0.9   -10.9    10.0
  113     4.1    -5.3    10.0
  114     6.7    -0.9    10.0
  115     2.7    -7.8    10.0
  116     1.8    -9.4    20.0
  117     0.9   -10.9    10.0
  118     5.4    -6.3    10.0
  119     7.2    -6.3    20.0
  120     9.0    -6.3    10.0
  121     9.0     0.0    40.0
  122     4.5     7.8    40.0
  123    -4.5     7.8    40.0
  124    -9.0     0.0    40.0
  125    -4.5    -7.8    40.0
  126     4.5    -7.8    40.0
  127    13.5     7.8    40.0
  128     0.0    15.6    40.0
  129   -13.5     7.8    40.0
  130   -13.5    -7.8    40.0
  131     0.0   -15.6    40.0
  132    13.5    -7.8    40.0
  133     8.3     1.2    10.0
  134     5.2     6.6    10.0
  135    10.1    -2.0    10.0
  136    11.3    -3.9    20.0
  137    12.4    -5.9    10.0
  138    10.1     2.0    10.0
  139    11.3     3.9    20.0
  140    12.4     5.9    10.0
  141     3.2     7.8    10.0
  142    -3.2     7.8    10.0
  143     6.8     7.8    10.0
  144     9.0     7.8    20.0
  145    11.3     7.8    10.0
  146     3.4     9.8    10.0
  147     2.3    11.7    20.0
  148     1.1    13.7    10.0
  149    -5.2     6.6    10.0
  150    -8.3     1.2    10.0
  151    -3.4     9.8    10.0
  152    -2.3    11.7    20.0
  153    -1.1    13.7    10.0
  154    -6.8     7.8    10.0
  155    -9.0     7.8    20.0
  156   -11.3     7.8    10.0
  157    -8.3    -1.2    10.0
  158    -5.2    -6.6    10.0
  159   -10.1     2.0    10.0
  160   -11.3     3.9    20.0
  161   -12.4     5.9    10.0
  162   -10.1    -2.0    10.0
  163   -11.3    -3.9    20.0
  164   -12.4    -5.9    10.0
  165    -3.2    -7.8    10.0
  166     3.2    -7.8    10.0
  167    -6.8    -7.8    10.0
  168    -9.0    -7.8    20.0
  169   -11.3    -7.8    10.0
  170    -3.4    -9.8    10.0
  171    -2.3   -11.7    20.0
  172    -1.1   -13.7    10.0
  173     5.2    -6.6    10.0
  174     8.3    -1.2    10.0
  175     3.4    -9.8    10.0
  176     2.3   -11.7    20.0
  177     1.1   -13.7    10.0
  178     6.8    -7.8    10.0
  179     9.0    -7.8    20.0
  180    11.3    -7.8    10.0
  181    11.3     0.0    40.0
  182     5.6     9.8    40.0
  183    -5.6     9.8    40.0
  184   -11.3     0.0    40.0
  185    -5.6    -9.8    40.0
  186     5.6    -9.8    40.0
  187    16.9     9.8    40.0
  188     0.0    19.5    40.0
  189   -16.9     9.8    40.0
  190   -16.9    -9.8    40.0
  191     0.0   -19.5    40.0
  192    16.9    -9.8    40.0
  193    10.4     1.5    10.0
  194     6.5     8.3    10.0
  195    12.7    -2.4    10.0
  196    14.1    -4.9    20.0
  197    15.5    -7.3    10.0
  198    12.7     2.4    10.0
  199    14.1     4.9    20.0
  200    15.5     7.3    10.0
  201     3.9     9.8    10.0
  202    -3.9     9.8    10.0
  203     8.5     9.8    10.0
  204    11.3     9.8    20.0
  205    14.1     9.8    10.0
  206     4.2    12.2    10.0
  207     2.8    14.6    20.0
  208     1.4    17.1    10.0
  209    -6.5     8.3    10.0
  210   -10.4     1.5    10.0
  211    -4.2    12.2    10.0
  212    -2.8    14.6    20.0
  213    -1.4    17.1    10.0
  214    -8.5     9.8    10.0
  215   -11.3     9.8    20.0
  216   -14.1     9.8    10.0
  217   -10.4    -1.5    10.0
  218    -6.5    -8.3    10.0
  219   -12.7     2.4    10.0
  220   -14.1     4.9    20.0
  221   -15.5     7.3    10.0
  222   -12.7    -2.4    10.0
  223   -14.1    -4.9    20.0
  224   -15.5    -7.3    10.0
  225    -3.9    -9.8    10.0
  226     3.9    -9.8    10.0
  227    -8.5    -9.8    10.0
  228   -11.3    -9.8    20.0
  229   -14.1    -9.8    10.0
  230    -4.2   -12.2    10.0
  231    -2.8   -14.6    20.0
  232    -1.4   -17.1    10.0
  233     6.5    -8.3    10.0
  234    10.4    -1.5    10.0
  235     4.2   -12.2    10.0
  236     2.8   -14.6    20.0
  237     1.4   -17.1    10.0
  238     8.5    -9.8    10.0
  239    11.3    -9.8    20.0
  240    14.1    -9.8    10.0
Node - number of items - height and weight for each item
   0   0
   1   2    2   20    4   20
   2   1    2   40
   3   2    2   20    1   20
   4   1    1   40
   5   1    2   40
   6   2    3   20    4   20
   7   1    1   40
   8   2    1   20    2   20
   9   2    1   20    1   20
  10   1    3   40
  11   1    4   40
  12   2    1   20    1   20
  13   2    4    5    4    5
  14   1    3   10
  15   1    3   10
  16   1    1   20
  17   2    1    5    4    5
  18   1    4   10
  19   1    2   20
  20   1    3   10
  21   2    3    5    1    5
  22   1    2   10
  23   1    1   10
  24   2    4   10    1   10
  25   2    3    5    3    5
  26   1    1   10
  27   2    2   10    4   10
  28   2    4    5    4    5
  29   2    2    5    1    5
  30   1    3   10
  31   1    2   10
  32   2    2   10    2   10
  33   2    1    5    3    5
  34   2    1    5    3    5
  35   2    2   10    3   10
  36   2    2    5    2    5
  37   2    2    5    4    5
  38   2    1    5    1    5
  39   2    2    5    1    5
  40   1    1   20
  41   1    1   10
  42   1    3   10
  43   2    3   10    2   10
  44   1    3   10
  45   2    1    5    2    5
  46   1    1   10
  47   1    2   10
  48   2    3   10    2   10
  49   1    1   10
  50   2    1    5    2    5
  51   2    2   10    3   10
  52   1    3   10
  53   2    3    5    4    5
  54   2    1    5    1    5
  55   2    2    5    3    5
  56   2    2   10    2   10
  57   1    1   10
  58   2    2    5    1    5
  59   2    4   10    4   10
  60   1    1   10
  61   2    4   20    2   20
  62   1    2   40
  63   1    1   40
  64   1    3   40
  65   1    1   40
  66   1    4   40
  67   2    3   20    2   20
  68   2    3   20    4   20
  69   2    1   20    3   20
  70   2    2   20    1   20
  71   2    1   20    3   20
  72   2    1   20    1   20
  73   2    2    5    2    5
  74   2    1    5    3    5
  75   1    3   10
  76   1    1   20
  77   1    2   10
  78   1    2   10
  79   2    1   10    3   10
  80   2    4    5    1    5
  81   2    4    5    3    5
  82   2    4    5    1    5
  83   1    3   10
  84   1    2   20
  85   1    1   10
  86   2    4    5    1    5
  87   2    4   10    4   10
  88   1    3   10
  89   2    3    5    3    5
  90   1    3   10
  91   2    2    5    2    5
  92   1    3   20
  93   1    1   10
  94   2    3    5    3    5
  95   1    3   20
  96   1    3   10
  97   1    4   10
  98   1    1   10
  99   2    4    5    1    5
 100   2    1   10    2   10
 101   2    4    5    4    5
 102   1    1   10
 103   2    2   10    2   10
 104   1    3   10
 105   1    4   10
 106   1    1   10
 107   2    4    5    3    5
 108   1    1   20
 109   1    4   10
 110   1    3   10
 111   2    4   10    4   10
 112   1    2   10
 113   2    2    5    4    5
 114   1    3   10
 115   2    3    5    2    5
 116   2    2   10    1   10
 117   1    4   10
 118   1    1   10
 119   1    3   20
 120   2    3    5    3    5
 121   1    2   40
 122   2    4   20    2   20
 123   2    2   20    3   20
 124   2    1   20    4   20
 125   2    3   20    4   20
 126   2    3   20    2   20
 127   2    3   20    4   20
 128   2    4   20    3   20
 129   2    4   20    4   20
 130   1    3   40
 131   1    3   40
 132   1    3   40
 133   2    4    5    2    5
 134   2    3    5    2    5
 135   1    1   10
 136   2    4   10    2   10
 137   1    4   10
 138   2    4    5    2    5
 139   2    3   10    2   10
 140   2    1    5    1    5
 141   2    1    5    2    5
 142   1    1   10
 143   1    1   10
 144   1    3   20
 145   2    3    5    1    5
 146   1    1   10
 147   1    1   20
 148   1    4   10
 149   2    3    5    3    5
 150   2    2    5    4    5
 151   1    3   10
 152   2    1   10    1   10
 153   2    2    5    4    5
 154   1    4   10
 155   1    1   20
 156   2    4    5    3    5
 157   1    4   10
 158   1    4   10
 159   1    1   10
 160   1    3   20
 161   1    4   10
 162   2    3    5    2    5
 163   2    1   10    3   10
 164   2    3    5    1    5
 165   2    2    5    2    5
 166   1    4   10
 167   2    1    5    2    5
 168   2    4   10    1   10
 169   1    2   10
 170   1    4   10
 171   2    1   10    3   10
 172   2    2    5    3    5
 173   2    3    5    4    5
 174   2    2    5    3    5
 175   1    2   10
 176   2    3   10    1   10
 177   1    1   10
 178   2    4    5    3    5
 179   2    1   10    3   10
 180   1    3   10
 181   2    1   20    3   20
 182   2    3   20    3   20
 183   2    2   20    2   20
 184   1    1   40
 185   1    4   40
 186   1    4   40
 187   1    3   40
 188   1    3   40
 189   1    1   40
 190   2    4   20    3   20
 191   2    1   20    4   20
 192   1    4   40
 193   1    4   10
 194   1    1   10
 195   1    4   10
 196   1    1   20
 197   2    4    5    4    5
 198   2    1    5    4    5
 199   2    4   10    2   10
 200   1    2   10
 201   1    1   10
 202   1    1   10
 203   2    3    5    1    5
 204   2    4   10    1   10
 205   2    3    5    3    5
 206   2    3    5    4    5
 207   2    3   10    1   10
 208   1    4   10
 209   2    3    5    3    5
 210   2    3    5    3    5
 211   1    4   10
 212   2    2   10    2   10
 213   1    3   10
 214   2    3    5    1    5
 215   2    4   10    1   10
 216   2    1    5    4    5
 217   2    3    5    4    5
 218   1    3   10
 219   1    3   10
 220   2    2   10    3   10
 221   2    1    5    4    5
 222   1    1   10
 223   2    4   10    3   10
 224   1    4   10
 225   1    2   10
 226   1    3   10
 227   2    4    5    3    5
 228   1    3   20
 229   2    2    5    2    5
 230   2    3    5    2    5
 231   2    2   10    1   10
 232   2    4    5    3    5
 233   1    2   10
 234   2    3    5    2    5
 235   2    4    5    2    5
 236   2    3   10    3   10
 237   2    3    5    3    5
 238   2    4    5    4    5
 239   2    3   10    1   10
 240   2    1    5    1    5
