Instance: E022-04g.dat
Class:  2
   21 --- number of customers (no depot)
    4 --- number of vehicles
    8 --- number of stacks on the vehicle
   31 --- number of items
Capacity of the vehicle - height of each stacks
    900    10
Node - x - y - demand
    0   145.0   215.0    0.0
    1   151.0   264.0   69.0
    2   159.0   261.0   79.0
    3   130.0   254.0   57.0
    4   128.0   252.0  100.0
    5   163.0   247.0   53.0
    6   146.0   246.0  119.0
    7   161.0   242.0  108.0
    8   142.0   239.0  106.0
    9   163.0   236.0  115.0
   10   148.0   232.0  117.0
   11   128.0   231.0   86.0
   12   156.0   217.0   62.0
   13   129.0   214.0   67.0
   14   146.0   208.0  110.0
   15   164.0   208.0   93.0
   16   141.0   206.0  119.0
   17   147.0   193.0  109.0
   18   164.0   193.0  119.0
   19   129.0   189.0  101.0
   20   155.0   185.0  107.0
   21   139.0   182.0  112.0
Node - number of items - height and weight for each item
   0   0
   1   2    3   31    1   38
   2   1    3   79
   3   2    2   25    3   32
   4   1    4  100
   5   1    2   53
   6   2    2   53    4   66
   7   1    2  108
   8   2    3   47    1   59
   9   1    1  115
  10   1    3  117
  11   2    4   38    2   48
  12   2    2   27    3   35
  13   1    3   67
  14   1    4  110
  15   1    4   93
  16   1    2  119
  17   2    2   49    2   60
  18   2    3   53    2   66
  19   1    4  101
  20   2    1   48    2   59
  21   2    2   50    1   62
