Instance: E101-10c.dat
Class:  3
  100 --- number of customers (no depot)
   20 --- number of vehicles
    8 --- number of stacks on the vehicle
  198 --- number of items
Capacity of the vehicle - height of each stacks
    900    10
Node - x - y - demand
    0    40.0    50.0     0.0
    1    45.0    68.0    10.0
    2    45.0    70.0    30.0
    3    42.0    66.0    10.0
    4    42.0    68.0    10.0
    5    42.0    65.0    10.0
    6    40.0    69.0    20.0
    7    40.0    66.0    20.0
    8    38.0    68.0    20.0
    9    38.0    70.0    10.0
   10    35.0    66.0    10.0
   11    35.0    69.0    10.0
   12    25.0    85.0    20.0
   13    22.0    75.0    30.0
   14    22.0    85.0    10.0
   15    20.0    80.0    40.0
   16    20.0    85.0    40.0
   17    18.0    75.0    20.0
   18    15.0    75.0    20.0
   19    15.0    80.0    10.0
   20    30.0    50.0    10.0
   21    30.0    52.0    20.0
   22    28.0    52.0    20.0
   23    28.0    55.0    10.0
   24    25.0    50.0    10.0
   25    25.0    52.0    40.0
   26    25.0    55.0    10.0
   27    23.0    52.0    10.0
   28    23.0    55.0    20.0
   29    20.0    50.0    10.0
   30    20.0    55.0    10.0
   31    10.0    35.0    20.0
   32    10.0    40.0    30.0
   33     8.0    40.0    40.0
   34     8.0    45.0    20.0
   35     5.0    35.0    10.0
   36     5.0    45.0    10.0
   37     2.0    40.0    20.0
   38     0.0    40.0    30.0
   39     0.0    45.0    20.0
   40    35.0    30.0    10.0
   41    35.0    32.0    10.0
   42    33.0    32.0    20.0
   43    33.0    35.0    10.0
   44    32.0    30.0    10.0
   45    30.0    30.0    10.0
   46    30.0    32.0    30.0
   47    30.0    35.0    10.0
   48    28.0    30.0    10.0
   49    28.0    35.0    10.0
   50    26.0    32.0    10.0
   51    25.0    30.0    10.0
   52    25.0    35.0    10.0
   53    44.0     5.0    20.0
   54    42.0    10.0    40.0
   55    42.0    15.0    10.0
   56    40.0     5.0    30.0
   57    40.0    15.0    40.0
   58    38.0     5.0    30.0
   59    38.0    15.0    10.0
   60    35.0     5.0    20.0
   61    50.0    30.0    10.0
   62    50.0    35.0    20.0
   63    50.0    40.0    50.0
   64    48.0    30.0    10.0
   65    48.0    40.0    10.0
   66    47.0    35.0    10.0
   67    47.0    40.0    10.0
   68    45.0    30.0    10.0
   69    45.0    35.0    10.0
   70    95.0    30.0    30.0
   71    95.0    35.0    20.0
   72    53.0    30.0    10.0
   73    92.0    30.0    10.0
   74    53.0    35.0    50.0
   75    45.0    65.0    20.0
   76    90.0    35.0    10.0
   77    88.0    30.0    10.0
   78    88.0    35.0    20.0
   79    87.0    30.0    10.0
   80    85.0    25.0    10.0
   81    85.0    35.0    30.0
   82    75.0    55.0    20.0
   83    72.0    55.0    10.0
   84    70.0    58.0    20.0
   85    68.0    60.0    30.0
   86    66.0    55.0    10.0
   87    65.0    55.0    20.0
   88    65.0    60.0    30.0
   89    63.0    58.0    10.0
   90    60.0    55.0    10.0
   91    60.0    60.0    10.0
   92    67.0    85.0    20.0
   93    65.0    85.0    40.0
   94    65.0    82.0    10.0
   95    62.0    80.0    30.0
   96    60.0    80.0    10.0
   97    60.0    85.0    30.0
   98    58.0    75.0    20.0
   99    55.0    80.0    10.0
  100    55.0    85.0    20.0
Node - number of items - height and weight for each item
   0   0
   1   1    4   10
   2   3    1    9    1    9    4   12
   3   2    2    5    1    5
   4   1    2   10
   5   2    1    5    4    5
   6   3    1    6    4    6    2    8
   7   1    3   20
   8   1    4   20
   9   2    1    5    1    5
  10   2    4    5    2    5
  11   3    3    3    2    3    4    4
  12   1    2   20
  13   3    3    9    2    9    2   12
  14   2    3    5    1    5
  15   2    2   20    3   20
  16   3    4   12    1   12    2   16
  17   1    1   20
  18   2    1   10    1   10
  19   3    2    3    3    3    4    4
  20   2    1    5    1    5
  21   3    4    6    3    6    3    8
  22   1    1   20
  23   1    2   10
  24   1    3   10
  25   1    4   40
  26   3    2    3    2    3    2    4
  27   3    3    3    2    3    1    4
  28   1    2   20
  29   3    1    3    4    3    4    4
  30   2    2    5    4    5
  31   3    3    6    3    6    1    8
  32   1    4   30
  33   3    2   12    2   12    3   16
  34   1    2   20
  35   1    2   10
  36   2    2    5    2    5
  37   2    3   10    3   10
  38   1    3   30
  39   2    2   10    4   10
  40   3    2    3    2    3    4    4
  41   2    4    5    2    5
  42   2    4   10    1   10
  43   1    3   10
  44   1    2   10
  45   1    3   10
  46   2    1   15    4   15
  47   1    3   10
  48   3    1    3    2    3    2    4
  49   3    3    3    3    3    3    4
  50   3    2    3    1    3    4    4
  51   2    4    5    4    5
  52   1    2   10
  53   3    2    6    3    6    2    8
  54   3    2   12    4   12    4   16
  55   1    1   10
  56   3    3    9    1    9    2   12
  57   3    3   12    3   12    3   16
  58   2    2   15    1   15
  59   3    4    3    3    3    3    4
  60   1    2   20
  61   2    1    5    1    5
  62   1    2   20
  63   2    3   25    2   25
  64   2    3    5    2    5
  65   1    4   10
  66   2    4    5    3    5
  67   3    3    3    3    3    2    4
  68   2    4    5    4    5
  69   1    4   10
  70   3    4    9    4    9    3   12
  71   2    1   10    2   10
  72   2    3    5    1    5
  73   2    2    5    3    5
  74   3    3   15    1   15    4   20
  75   1    2   20
  76   3    1    3    1    3    1    4
  77   1    4   10
  78   2    3   10    2   10
  79   1    3   10
  80   2    4    5    2    5
  81   3    3    9    3    9    4   12
  82   1    2   20
  83   1    1   10
  84   2    3   10    4   10
  85   1    4   30
  86   3    1    3    4    3    3    4
  87   3    2    6    2    6    4    8
  88   1    4   30
  89   1    1   10
  90   3    1    3    2    3    3    4
  91   2    3    5    3    5
  92   3    3    6    1    6    4    8
  93   3    2   12    3   12    2   16
  94   3    4    3    2    3    3    4
  95   2    4   15    1   15
  96   1    1   10
  97   3    1    9    3    9    1   12
  98   2    4   10    1   10
  99   1    3   10
 100   2    4   10    4   10
