Instance: E022-06m.dat
Class:  1
   21 --- number of customers (no depot)
    6 --- number of vehicles
    8 --- number of stacks on the vehicle
   21 --- number of items
Capacity of the vehicle - height of each stacks
    900    10
Node - x - y - demand
    0   145.0   215.0    0.0
    1   151.0   264.0  123.0
    2   159.0   261.0  142.0
    3   130.0   254.0  162.0
    4   128.0   252.0  159.0
    5   163.0   247.0   69.0
    6   146.0   246.0  124.0
    7   161.0   242.0  146.0
    8   142.0   239.0  140.0
    9   163.0   236.0  160.0
   10   148.0   232.0  105.0
   11   128.0   231.0  138.0
   12   156.0   217.0   62.0
   13   129.0   214.0   54.0
   14   146.0   208.0   68.0
   15   164.0   208.0  142.0
   16   141.0   206.0  130.0
   17   147.0   193.0   67.0
   18   164.0   193.0  149.0
   19   129.0   189.0  103.0
   20   155.0   185.0  130.0
   21   139.0   182.0   98.0
Node - number of items - height and weight for each item
   0   0
   1   1    2  123
   2   1    2  142
   3   1    3  162
   4   1    1  159
   5   1    1   69
   6   1    3  124
   7   1    2  146
   8   1    3  140
   9   1    3  160
  10   1    2  105
  11   1    4  138
  12   1    1   62
  13   1    4   54
  14   1    2   68
  15   1    4  142
  16   1    4  130
  17   1    4   67
  18   1    4  149
  19   1    1  103
  20   1    1  130
  21   1    4   98
