Instance: E022-04g.dat
Class:  3
   21 --- number of customers (no depot)
    4 --- number of vehicles
    8 --- number of stacks on the vehicle
   37 --- number of items
Capacity of the vehicle - height of each stacks
    900    10
Node - x - y - demand
    0   145.0   215.0    0.0
    1   151.0   264.0  113.0
    2   159.0   261.0  106.0
    3   130.0   254.0  115.0
    4   128.0   252.0   55.0
    5   163.0   247.0   68.0
    6   146.0   246.0   61.0
    7   161.0   242.0   84.0
    8   142.0   239.0   87.0
    9   163.0   236.0  101.0
   10   148.0   232.0   83.0
   11   128.0   231.0  118.0
   12   156.0   217.0   94.0
   13   129.0   214.0   58.0
   14   146.0   208.0   80.0
   15   164.0   208.0  114.0
   16   141.0   206.0  116.0
   17   147.0   193.0  110.0
   18   164.0   193.0  103.0
   19   129.0   189.0  102.0
   20   155.0   185.0  106.0
   21   139.0   182.0  109.0
Node - number of items - height and weight for each item
   0   0
   1   2    2   50    2   63
   2   1    3  106
   3   3    1   34    1   46    3   35
   4   1    2   55
   5   2    3   30    3   38
   6   2    2   27    4   34
   7   1    1   84
   8   1    4   87
   9   2    2   45    4   56
  10   2    4   37    4   46
  11   1    4  118
  12   1    1   94
  13   1    1   58
  14   1    4   80
  15   3    3   34    1   45    1   35
  16   3    2   34    1   46    4   36
  17   3    4   33    3   44    3   33
  18   2    2   46    4   57
  19   1    1  102
  20   1    4  106
  21   3    4   32    2   43    1   34
