Instance: E033-04g.dat
Class:  5
   32 --- number of customers (no depot)
    9 --- number of vehicles
    8 --- number of stacks on the vehicle
   87 --- number of items
Capacity of the vehicle - height of each stacks
    900    10
Node - x - y - demand
    0   292.0   495.0    0.0
    1   298.0   427.0   74.0
    2   309.0   445.0   70.0
    3   307.0   464.0   72.0
    4   336.0   475.0   74.0
    5   320.0   439.0   72.0
    6   321.0   437.0   54.0
    7   322.0   437.0   27.0
    8   323.0   433.0   17.0
    9   324.0   433.0    8.0
   10   323.0   429.0   26.0
   11   314.0   435.0   63.0
   12   311.0   442.0   62.0
   13   304.0   427.0   61.0
   14   293.0   421.0   66.0
   15   296.0   418.0   68.0
   16   261.0   384.0   34.0
   17   297.0   410.0   27.0
   18   315.0   407.0   59.0
   19   314.0   406.0   67.0
   20   321.0   391.0   66.0
   21   321.0   398.0   69.0
   22   314.0   394.0   49.0
   23   313.0   378.0   44.0
   24   304.0   382.0   45.0
   25   295.0   402.0   50.0
   26   283.0   406.0   56.0
   27   279.0   399.0   49.0
   28   271.0   401.0   62.0
   29   264.0   414.0   63.0
   30   277.0   439.0   66.0
   31   290.0   434.0   61.0
   32   319.0   433.0   62.0
Node - number of items - height and weight for each item
   0   0
   1   4    1   18    2   14    4   25    4   17
   2   1    3   70
   3   4    4   18    3   14    4   25    2   15
   4   3    2   22    4   29    1   23
   5   1    1   72
   6   4    2   13    4   10    4   18    4   13
   7   1    3   27
   8   2    3    7    2   10
   9   1    3    8
  10   1    4   26
  11   3    2   18    2   25    4   20
  12   2    3   27    1   35
  13   3    4   18    1   24    1   19
  14   5    4    9    1   19    3   13    2    9    4   16
  15   3    1   20    1   27    4   21
  16   3    3   10    3   13    4   11
  17   5    3    4    4    8    3    5    4    4    4    6
  18   4    3   14    2   11    3   20    2   14
  19   2    1   30    1   37
  20   2    1   29    1   37
  21   1    3   69
  22   2    3   22    4   27
  23   4    4   11    4    8    1   15    1   10
  24   4    4   11    4    9    3   15    2   10
  25   4    3   12    2   10    1   17    1   11
  26   1    2   56
  27   3    2   14    1   19    1   16
  28   5    3    9    4   18    2   12    3    9    2   14
  29   1    3   63
  30   4    2   16    4   13    2   23    1   14
  31   3    4   18    1   24    2   19
  32   1    1   62
