Instance: E023-03g.dat
Class:  2
   22 --- number of customers (no depot)
    5 --- number of vehicles
    8 --- number of stacks on the vehicle
   32 --- number of items
Capacity of the vehicle - height of each stacks
    900    10
Node - x - y - demand
    0   266.0   235.0    0.0
    1   295.0   272.0   59.0
    2   301.0   258.0   48.0
    3   309.0   260.0   45.0
    4   217.0   274.0   15.0
    5   218.0   278.0   74.0
    6   282.0   267.0   76.0
    7   242.0   249.0   74.0
    8   230.0   262.0   80.0
    9   249.0   268.0   71.0
   10   256.0   267.0   76.0
   11   265.0   257.0   45.0
   12   267.0   242.0   56.0
   13   259.0   265.0   33.0
   14   315.0   233.0   52.0
   15   329.0   252.0   66.0
   16   318.0   252.0   67.0
   17   329.0   224.0   76.0
   18   267.0   213.0   68.0
   19   275.0   192.0   78.0
   20   303.0   201.0   79.0
   21   208.0   217.0   47.0
   22   326.0   181.0   60.0
Node - number of items - height and weight for each item
   0   0
   1   1    2   59
   2   1    2   48
   3   1    3   45
   4   2    1    6    1    9
   5   2    3   33    2   41
   6   1    3   76
   7   2    3   33    2   41
   8   1    4   80
   9   1    1   71
  10   2    4   34    2   42
  11   2    4   20    4   25
  12   1    4   56
  13   1    4   33
  14   2    1   23    1   29
  15   2    4   29    3   37
  16   1    1   67
  17   2    1   34    2   42
  18   1    1   68
  19   2    4   35    4   43
  20   1    3   79
  21   1    3   47
  22   2    2   27    4   33
