Instance: E121-07c.dat
Class:  2
  120 --- number of customers (no depot)
   23 --- number of vehicles
    8 --- number of stacks on the vehicle
  183 --- number of items
Capacity of the vehicle - height of each stacks
    900    10
Node - x - y - demand
    0    10.0    45.0     0.0
    1    25.0     1.0    25.0
    2    25.0     3.0     7.0
    3    31.0     5.0    13.0
    4    32.0     5.0     6.0
    5    31.0     7.0    14.0
    6    32.0     9.0     5.0
    7    34.0     9.0    11.0
    8    46.0     9.0    19.0
    9    35.0     7.0     5.0
   10    34.0     6.0    15.0
   11    35.0     5.0    15.0
   12    47.0     6.0    17.0
   13    40.0     5.0    13.0
   14    39.0     3.0    12.0
   15    36.0     3.0    18.0
   16    73.0     6.0    13.0
   17    73.0     8.0    18.0
   18    24.0    36.0    12.0
   19    76.0     6.0    17.0
   20    76.0    10.0     4.0
   21    76.0    13.0     7.0
   22    78.0     3.0    12.0
   23    78.0     9.0    13.0
   24    79.0     3.0     8.0
   25    79.0     5.0    16.0
   26    79.0    11.0    15.0
   27    82.0     3.0     6.0
   28    82.0     7.0     5.0
   29    90.0    15.0     9.0
   30    84.0     3.0    11.0
   31    84.0     5.0    10.0
   32    84.0     9.0     3.0
   33    85.0     1.0     7.0
   34    87.0     5.0     2.0
   35    85.0     8.0     4.0
   36    87.0     7.0     4.0
   37    86.0    41.0    18.0
   38    86.0    44.0    14.0
   39    86.0    46.0    12.0
   40    85.0    55.0    17.0
   41    89.0    43.0    20.0
   42    89.0    46.0    14.0
   43    89.0    52.0    16.0
   44    92.0    42.0    10.0
   45    92.0    52.0     9.0
   46    94.0    42.0    11.0
   47    94.0    44.0     7.0
   48    94.0    48.0    13.0
   49    96.0    42.0     5.0
   50    99.0    46.0     4.0
   51    99.0    50.0    21.0
   52    83.0    80.0    13.0
   53    83.0    83.0    11.0
   54    85.0    81.0    12.0
   55    85.0    85.0    14.0
   56    85.0    89.0    10.0
   57    87.0    80.0     8.0
   58    87.0    86.0    16.0
   59    90.0    77.0    19.0
   60    90.0    88.0     5.0
   61    93.0    82.0    17.0
   62    93.0    84.0     7.0
   63    93.0    89.0    16.0
   64    94.0    86.0    14.0
   65    95.0    80.0    17.0
   66    99.0    89.0    13.0
   67    37.0    83.0    17.0
   68    50.0    80.0    13.0
   69    35.0    85.0    14.0
   70    35.0    87.0    16.0
   71    44.0    86.0     7.0
   72    46.0    89.0    13.0
   73    46.0    83.0     9.0
   74    46.0    87.0    11.0
   75    46.0    89.0    35.0
   76    48.0    83.0     5.0
   77    50.0    85.0    28.0
   78    50.0    88.0     7.0
   79    54.0    86.0     3.0
   80    54.0    90.0    10.0
   81    10.0    35.0     7.0
   82    10.0    40.0    12.0
   83    18.0    30.0    11.0
   84    17.0    35.0    10.0
   85    16.0    38.0     8.0
   86    14.0    40.0    11.0
   87    15.0    42.0    21.0
   88    11.0    42.0     4.0
   89    18.0    40.0    15.0
   90    21.0    39.0    16.0
   91    20.0    40.0     4.0
   92    18.0    41.0    16.0
   93    20.0    44.0     7.0
   94    22.0    44.0    10.0
   95    16.0    45.0     9.0
   96    20.0    45.0    11.0
   97    25.0    45.0    17.0
   98    30.0    55.0    12.0
   99    20.0    50.0    11.0
  100    22.0    51.0     7.0
  101    18.0    49.0     9.0
  102    16.0    48.0    11.0
  103    20.0    55.0    12.0
  104    18.0    53.0     7.0
  105    14.0    50.0     8.0
  106    15.0    51.0     6.0
  107    16.0    54.0     5.0
  108    28.0    33.0    12.0
  109    33.0    38.0    13.0
  110    30.0    50.0     7.0
  111    13.0    40.0     7.0
  112    15.0    36.0     8.0
  113    18.0    31.0    11.0
  114    25.0    37.0    13.0
  115    30.0    46.0    11.0
  116    25.0    52.0    10.0
  117    16.0    33.0     7.0
  118    25.0    35.0     4.0
  119     5.0    40.0    20.0
  120     5.0    50.0    13.0
Node - number of items - height and weight for each item
   0   0
   1   2    3   12    1   13
   2   1    1    7
   3   1    3   13
   4   1    1    6
   5   2    3    7    2    7
   6   1    1    5
   7   2    3    5    1    6
   8   1    4   19
   9   1    2    5
  10   1    2   15
  11   1    3   15
  12   2    1    8    3    9
  13   2    2    6    3    7
  14   2    2    6    3    6
  15   1    3   18
  16   2    3    6    2    7
  17   2    4    9    1    9
  18   2    2    6    1    6
  19   2    1    8    4    9
  20   1    1    4
  21   1    2    7
  22   1    3   12
  23   2    4    6    4    7
  24   2    3    4    2    4
  25   1    3   16
  26   2    1    7    4    8
  27   1    4    6
  28   1    3    5
  29   2    4    4    3    5
  30   1    3   11
  31   2    3    5    3    5
  32   1    2    3
  33   1    2    7
  34   1    4    2
  35   1    4    4
  36   1    1    4
  37   1    2   18
  38   2    4    7    1    7
  39   2    2    6    2    6
  40   1    3   17
  41   2    4   10    2   10
  42   2    1    7    4    7
  43   2    3    8    1    8
  44   2    1    5    2    5
  45   1    1    9
  46   2    1    5    4    6
  47   2    4    3    2    4
  48   2    3    6    2    7
  49   1    2    5
  50   1    3    4
  51   2    3   10    2   11
  52   1    1   13
  53   2    2    5    2    6
  54   1    2   12
  55   2    4    7    4    7
  56   1    4   10
  57   2    4    4    4    4
  58   1    3   16
  59   1    3   19
  60   1    3    5
  61   2    1    8    3    9
  62   2    4    3    1    4
  63   1    2   16
  64   2    3    7    4    7
  65   2    2    8    3    9
  66   1    1   13
  67   1    4   17
  68   1    4   13
  69   2    4    7    2    7
  70   1    4   16
  71   1    1    7
  72   1    1   13
  73   2    3    4    2    5
  74   2    2    5    4    6
  75   1    1   35
  76   1    1    5
  77   2    1   14    2   14
  78   2    2    3    4    4
  79   1    2    3
  80   1    2   10
  81   2    1    3    1    4
  82   2    1    6    3    6
  83   1    2   11
  84   1    1   10
  85   1    2    8
  86   2    4    5    1    6
  87   1    2   21
  88   1    1    4
  89   1    1   15
  90   2    4    8    2    8
  91   1    4    4
  92   1    3   16
  93   1    3    7
  94   1    2   10
  95   1    3    9
  96   1    3   11
  97   1    4   17
  98   1    3   12
  99   2    3    5    4    6
 100   1    3    7
 101   1    4    9
 102   2    2    5    2    6
 103   2    3    6    4    6
 104   2    2    3    3    4
 105   1    1    8
 106   1    1    6
 107   1    2    5
 108   1    4   12
 109   2    2    6    1    7
 110   2    1    3    3    4
 111   2    4    3    3    4
 112   1    2    8
 113   2    4    5    1    6
 114   2    2    6    3    7
 115   2    4    5    2    6
 116   1    1   10
 117   2    2    3    2    4
 118   1    1    4
 119   1    3   20
 120   2    1    6    4    7
