Instance: E023-05s.DAT
Class:  1
   22 --- number of customers (no depot)
    5 --- number of vehicles
    8 --- number of stacks on the vehicle
   22 --- number of items
Capacity of the vehicle - height of each stacks
    900    10
Node - x - y - demand
    0   266.0   235.0    0.0
    1   295.0   272.0  115.0
    2   301.0   258.0  109.0
    3   309.0   260.0  129.0
    4   217.0   274.0  135.0
    5   218.0   278.0  104.0
    6   282.0   267.0   72.0
    7   242.0   249.0   43.0
    8   230.0   262.0  107.0
    9   249.0   268.0   41.0
   10   256.0   267.0   98.0
   11   265.0   257.0   65.0
   12   267.0   242.0   69.0
   13   259.0   265.0   73.0
   14   315.0   233.0   60.0
   15   329.0   252.0   74.0
   16   318.0   252.0   36.0
   17   329.0   224.0   50.0
   18   267.0   213.0   36.0
   19   275.0   192.0  121.0
   20   303.0   201.0   93.0
   21   208.0   217.0  110.0
   22   326.0   181.0  112.0
Node - number of items - height and weight for each item
   0   0
   1   1    2  115
   2   1    2  109
   3   1    3  129
   4   1    1  135
   5   1    1  104
   6   1    3   72
   7   1    2   43
   8   1    3  107
   9   1    3   41
  10   1    2   98
  11   1    4   65
  12   1    1   69
  13   1    4   73
  14   1    2   60
  15   1    4   74
  16   1    4   36
  17   1    4   50
  18   1    4   36
  19   1    1  121
  20   1    1   93
  21   1    4  110
  22   1    3  112
