Instance: E030-03g.dat
Class:  2
   29 --- number of customers (no depot)
    6 --- number of vehicles
    8 --- number of stacks on the vehicle
   43 --- number of items
Capacity of the vehicle - height of each stacks
    900    10
Node - x - y - demand
    0   162.0   354.0    0.0
    1   218.0   382.0   38.0
    2   218.0   358.0   41.0
    3   201.0   370.0   39.0
    4   214.0   371.0   44.0
    5   224.0   370.0   53.0
    6   210.0   382.0   59.0
    7   104.0   354.0   37.0
    8   126.0   338.0   31.0
    9   119.0   340.0   47.0
   10   129.0   349.0   24.0
   11   126.0   347.0   30.0
   12   125.0   346.0    6.0
   13   116.0   355.0   42.0
   14   126.0   335.0   33.0
   15   125.0   355.0    7.0
   16   119.0   357.0   47.0
   17   115.0   341.0   26.0
   18   153.0   351.0   17.0
   19   175.0   363.0   25.0
   20   180.0   360.0   32.0
   21   159.0   331.0   32.0
   22   188.0   357.0   40.0
   23   152.0   349.0   24.0
   24   215.0   389.0   35.0
   25   212.0   394.0   56.0
   26   188.0   393.0   29.0
   27   207.0   406.0   46.0
   28   184.0   410.0   34.0
   29   207.0   392.0   44.0
Node - number of items - height and weight for each item
   0   0
   1   2    1   17    2   21
   2   2    3   18    1   23
   3   2    4   17    1   22
   4   1    3   44
   5   2    4   23    3   30
   6   1    2   59
   7   1    4   37
   8   2    1   13    3   18
   9   1    4   47
  10   1    4   24
  11   2    2   13    2   17
  12   1    2    6
  13   2    4   18    1   24
  14   1    3   33
  15   2    4    3    3    4
  16   2    3   21    1   26
  17   1    4   26
  18   2    1    7    4   10
  19   1    4   25
  20   2    4   14    3   18
  21   1    1   32
  22   1    4   40
  23   1    3   24
  24   2    2   15    1   20
  25   1    1   56
  26   1    3   29
  27   2    4   20    4   26
  28   2    1   15    2   19
  29   1    4   44
