Instance: E101-08e.dat
Class:  2
  100 --- number of customers (no depot)
   21 --- number of vehicles
    8 --- number of stacks on the vehicle
  157 --- number of items
Capacity of the vehicle - height of each stacks
    900    10
Node - x - y - demand
    0    35.0    35.0     0.0
    1    41.0    49.0    10.0
    2    35.0    17.0     7.0
    3    55.0    45.0    13.0
    4    55.0    20.0    19.0
    5    15.0    30.0    26.0
    6    25.0    30.0     3.0
    7    20.0    50.0     5.0
    8    10.0    43.0     9.0
    9    55.0    60.0    16.0
   10    30.0    60.0    16.0
   11    20.0    65.0    12.0
   12    50.0    35.0    19.0
   13    30.0    25.0    23.0
   14    15.0    10.0    20.0
   15    30.0     5.0     8.0
   16    10.0    20.0    19.0
   17     5.0    30.0     2.0
   18    20.0    40.0    12.0
   19    15.0    60.0    17.0
   20    45.0    65.0     9.0
   21    45.0    20.0    11.0
   22    45.0    10.0    18.0
   23    55.0     5.0    29.0
   24    65.0    35.0     3.0
   25    65.0    20.0     6.0
   26    45.0    30.0    17.0
   27    35.0    40.0    16.0
   28    41.0    37.0    16.0
   29    64.0    42.0     9.0
   30    40.0    60.0    21.0
   31    31.0    52.0    27.0
   32    35.0    69.0    23.0
   33    53.0    52.0    11.0
   34    65.0    55.0    14.0
   35    63.0    65.0     8.0
   36     2.0    60.0     5.0
   37    20.0    20.0     8.0
   38     5.0     5.0    16.0
   39    60.0    12.0    31.0
   40    40.0    25.0     9.0
   41    42.0     7.0     5.0
   42    24.0    12.0     5.0
   43    23.0     3.0     7.0
   44    11.0    14.0    18.0
   45     6.0    38.0    16.0
   46     2.0    48.0     1.0
   47     8.0    56.0    27.0
   48    13.0    52.0    36.0
   49     6.0    68.0    30.0
   50    47.0    47.0    13.0
   51    49.0    58.0    10.0
   52    27.0    43.0     9.0
   53    37.0    31.0    14.0
   54    57.0    29.0    18.0
   55    63.0    23.0     2.0
   56    53.0    12.0     6.0
   57    32.0    12.0     7.0
   58    36.0    26.0    18.0
   59    21.0    24.0    28.0
   60    17.0    34.0     3.0
   61    12.0    24.0    13.0
   62    24.0    58.0    19.0
   63    27.0    69.0    10.0
   64    15.0    77.0     9.0
   65    62.0    77.0    20.0
   66    49.0    73.0    25.0
   67    67.0     5.0    25.0
   68    56.0    39.0    36.0
   69    37.0    47.0     6.0
   70    37.0    56.0     5.0
   71    57.0    68.0    15.0
   72    47.0    16.0    25.0
   73    44.0    17.0     9.0
   74    46.0    13.0     8.0
   75    49.0    11.0    18.0
   76    49.0    42.0    13.0
   77    53.0    43.0    14.0
   78    61.0    52.0     3.0
   79    57.0    48.0    23.0
   80    56.0    37.0     6.0
   81    55.0    54.0    26.0
   82    15.0    47.0    16.0
   83    14.0    37.0    11.0
   84    11.0    31.0     7.0
   85    16.0    22.0    41.0
   86     4.0    18.0    35.0
   87    28.0    18.0    26.0
   88    26.0    52.0     9.0
   89    26.0    35.0    15.0
   90    31.0    67.0     3.0
   91    15.0    19.0     1.0
   92    22.0    22.0     2.0
   93    18.0    24.0    22.0
   94    26.0    27.0    27.0
   95    25.0    24.0    20.0
   96    22.0    27.0    11.0
   97    25.0    21.0    12.0
   98    19.0    21.0    10.0
   99    20.0    26.0     9.0
  100    18.0    18.0    17.0
Node - number of items - height and weight for each item
   0   0
   1   1    1   10
   2   2    4    3    1    4
   3   1    1   13
   4   1    3   19
   5   1    2   26
   6   1    1    3
   7   1    4    5
   8   2    4    4    1    5
   9   1    4   16
  10   1    2   16
  11   2    4    6    2    6
  12   2    1    9    3   10
  13   2    2   11    1   12
  14   1    4   20
  15   2    1    4    4    4
  16   2    1    9    4   10
  17   1    3    2
  18   2    3    6    4    6
  19   1    4   17
  20   1    2    9
  21   2    2    5    3    6
  22   2    4    9    1    9
  23   2    2   14    2   15
  24   1    3    3
  25   1    3    6
  26   1    3   17
  27   1    2   16
  28   2    2    8    2    8
  29   2    1    4    3    5
  30   2    3   10    2   11
  31   2    2   13    4   14
  32   1    3   23
  33   1    2   11
  34   1    3   14
  35   2    4    4    4    4
  36   1    2    5
  37   2    2    4    2    4
  38   1    4   16
  39   2    2   15    1   16
  40   2    1    4    2    5
  41   1    1    5
  42   1    2    5
  43   1    2    7
  44   1    2   18
  45   2    2    8    2    8
  46   1    1    1
  47   2    3   13    3   14
  48   2    4   18    2   18
  49   1    2   30
  50   1    3   13
  51   1    4   10
  52   2    4    4    2    5
  53   1    2   14
  54   2    3    9    2    9
  55   1    2    2
  56   1    2    6
  57   2    4    3    2    4
  58   2    2    9    1    9
  59   1    3   28
  60   1    2    3
  61   2    2    6    4    7
  62   2    1    9    1   10
  63   2    3    5    1    5
  64   2    1    4    2    5
  65   1    4   20
  66   2    4   12    2   13
  67   2    3   12    4   13
  68   1    3   36
  69   1    4    6
  70   1    1    5
  71   2    4    7    4    8
  72   2    4   12    1   13
  73   1    4    9
  74   2    3    4    2    4
  75   1    2   18
  76   1    1   13
  77   2    4    7    4    7
  78   1    2    3
  79   2    2   11    2   12
  80   1    1    6
  81   2    2   13    3   13
  82   2    1    8    3    8
  83   1    1   11
  84   2    1    3    2    4
  85   1    2   41
  86   2    3   17    3   18
  87   1    4   26
  88   2    1    4    3    5
  89   1    4   15
  90   1    1    3
  91   1    1    1
  92   1    2    2
  93   2    2   11    1   11
  94   1    1   27
  95   2    3   10    2   10
  96   1    1   11
  97   1    3   12
  98   2    3    5    1    5
  99   1    4    9
 100   2    4    8    3    9
