Instance: E256-14k.dat
Class:  5
  255 --- number of customers (no depot)
   51 --- number of vehicles
    8 --- number of stacks on the vehicle
  786 --- number of items
Capacity of the vehicle - height of each stacks
    900    10
Node - x - y - demand
    0     0.0   -15.0    0.0
    1    -1.0   -14.0   50.0
    2     1.0   -14.0   50.0
    3    -2.0   -13.0   50.0
    4     0.0   -13.0   50.0
    5     2.0   -13.0   50.0
    6    -3.0   -12.0   50.0
    7    -1.0   -12.0   50.0
    8     1.0   -12.0   50.0
    9     3.0   -12.0   50.0
   10    -4.0   -11.0   50.0
   11    -2.0   -11.0   50.0
   12     0.0   -11.0   50.0
   13     2.0   -11.0   25.0
   14     4.0   -11.0   25.0
   15    -5.0   -10.0   25.0
   16    -3.0   -10.0   25.0
   17    -1.0   -10.0   25.0
   18     1.0   -10.0   25.0
   19     3.0   -10.0   25.0
   20     5.0   -10.0   25.0
   21    -6.0    -9.0   25.0
   22    -4.0    -9.0   25.0
   23    -2.0    -9.0   25.0
   24     0.0    -9.0   25.0
   25     2.0    -9.0   25.0
   26     4.0    -9.0   25.0
   27     6.0    -9.0   25.0
   28    -7.0    -8.0   25.0
   29    -5.0    -8.0   25.0
   30    -3.0    -8.0   25.0
   31    -1.0    -8.0   25.0
   32     1.0    -8.0   25.0
   33     3.0    -8.0   40.0
   34     5.0    -8.0   40.0
   35     7.0    -8.0   40.0
   36    -8.0    -7.0   40.0
   37    -6.0    -7.0   40.0
   38    -4.0    -7.0   40.0
   39    -2.0    -7.0   40.0
   40     0.0    -7.0   40.0
   41     2.0    -7.0   40.0
   42     4.0    -7.0   40.0
   43     6.0    -7.0   40.0
   44     8.0    -7.0   40.0
   45    -9.0    -6.0   40.0
   46    -7.0    -6.0   40.0
   47    -5.0    -6.0   40.0
   48    -3.0    -6.0   40.0
   49    -1.0    -6.0   40.0
   50     1.0    -6.0   40.0
   51     3.0    -6.0   40.0
   52     5.0    -6.0   40.0
   53     7.0    -6.0   40.0
   54     9.0    -6.0   40.0
   55   -10.0    -5.0   40.0
   56    -8.0    -5.0   40.0
   57    -6.0    -5.0   40.0
   58    -4.0    -5.0   40.0
   59    -2.0    -5.0   40.0
   60     0.0    -5.0   40.0
   61     2.0    -5.0   30.0
   62     4.0    -5.0   30.0
   63     6.0    -5.0   30.0
   64     8.0    -5.0   30.0
   65    10.0    -5.0   30.0
   66   -11.0    -4.0   30.0
   67    -9.0    -4.0   30.0
   68    -7.0    -4.0   30.0
   69    -5.0    -4.0   30.0
   70    -3.0    -4.0   30.0
   71    -1.0    -4.0   30.0
   72     1.0    -4.0   30.0
   73     3.0    -4.0   30.0
   74     5.0    -4.0   30.0
   75     7.0    -4.0   30.0
   76     9.0    -4.0   30.0
   77    11.0    -4.0   30.0
   78   -12.0    -3.0   30.0
   79   -10.0    -3.0   30.0
   80    -8.0    -3.0   30.0
   81    -6.0    -3.0   30.0
   82    -4.0    -3.0   30.0
   83    -2.0    -3.0   30.0
   84     0.0    -3.0   30.0
   85     2.0    -3.0   30.0
   86     4.0    -3.0   30.0
   87     6.0    -3.0   30.0
   88     8.0    -3.0   30.0
   89    10.0    -3.0   30.0
   90    12.0    -3.0   30.0
   91   -13.0    -2.0   30.0
   92   -11.0    -2.0   30.0
   93    -9.0    -2.0   30.0
   94    -7.0    -2.0   30.0
   95    -5.0    -2.0   30.0
   96    -3.0    -2.0   30.0
   97    -1.0    -2.0   21.0
   98     1.0    -2.0   21.0
   99     3.0    -2.0   21.0
  100     5.0    -2.0   21.0
  101     7.0    -2.0   21.0
  102     9.0    -2.0   21.0
  103    11.0    -2.0   21.0
  104    13.0    -2.0   21.0
  105   -14.0    -1.0   21.0
  106   -12.0    -1.0   21.0
  107   -10.0    -1.0   21.0
  108    -8.0    -1.0   21.0
  109    -6.0    -1.0   21.0
  110    -4.0    -1.0   21.0
  111    -2.0    -1.0   21.0
  112     0.0    -1.0   21.0
  113     2.0    -1.0   21.0
  114     4.0    -1.0   21.0
  115     6.0    -1.0   21.0
  116     8.0    -1.0   21.0
  117    10.0    -1.0   21.0
  118    12.0    -1.0   21.0
  119    14.0    -1.0   21.0
  120   -15.0     0.0   21.0
  121   -13.0     0.0   21.0
  122   -11.0     0.0   21.0
  123    -9.0     0.0   21.0
  124    -7.0     0.0   21.0
  125    -5.0     0.0   21.0
  126    -3.0     0.0   21.0
  127    -1.0     0.0   21.0
  128     1.0     0.0   21.0
  129     3.0     0.0   21.0
  130     5.0     0.0   21.0
  131     7.0     0.0   21.0
  132     9.0     0.0   21.0
  133    11.0     0.0   21.0
  134    13.0     0.0   21.0
  135    15.0     0.0   21.0
  136   -14.0     1.0   21.0
  137   -12.0     1.0   21.0
  138   -10.0     1.0   21.0
  139    -8.0     1.0   21.0
  140    -6.0     1.0   21.0
  141    -4.0     1.0   15.0
  142    -2.0     1.0   15.0
  143     0.0     1.0   15.0
  144     2.0     1.0   15.0
  145     4.0     1.0   15.0
  146     6.0     1.0   15.0
  147     8.0     1.0   15.0
  148    10.0     1.0   15.0
  149    12.0     1.0   15.0
  150    14.0     1.0   15.0
  151   -13.0     2.0   15.0
  152   -11.0     2.0   15.0
  153    -9.0     2.0   15.0
  154    -7.0     2.0   15.0
  155    -5.0     2.0   15.0
  156    -3.0     2.0   15.0
  157    -1.0     2.0   15.0
  158     1.0     2.0   15.0
  159     3.0     2.0   15.0
  160     5.0     2.0   15.0
  161     7.0     2.0   15.0
  162     9.0     2.0   15.0
  163    11.0     2.0   15.0
  164    13.0     2.0   15.0
  165   -12.0     3.0   15.0
  166   -10.0     3.0   15.0
  167    -8.0     3.0   15.0
  168    -6.0     3.0   15.0
  169    -4.0     3.0   15.0
  170    -2.0     3.0   15.0
  171     0.0     3.0   15.0
  172     2.0     3.0   15.0
  173     4.0     3.0   15.0
  174     6.0     3.0   15.0
  175     8.0     3.0   15.0
  176    10.0     3.0   15.0
  177    12.0     3.0   15.0
  178   -11.0     4.0   15.0
  179    -9.0     4.0   15.0
  180    -7.0     4.0   15.0
  181    -5.0     4.0   15.0
  182    -3.0     4.0   15.0
  183    -1.0     4.0   15.0
  184     1.0     4.0   15.0
  185     3.0     4.0   15.0
  186     5.0     4.0   15.0
  187     7.0     4.0   15.0
  188     9.0     4.0   15.0
  189    11.0     4.0   15.0
  190   -10.0     5.0   15.0
  191    -8.0     5.0   15.0
  192    -6.0     5.0   15.0
  193    -4.0     5.0   10.0
  194    -2.0     5.0   10.0
  195     0.0     5.0   10.0
  196     2.0     5.0   10.0
  197     4.0     5.0   10.0
  198     6.0     5.0   10.0
  199     8.0     5.0   10.0
  200    10.0     5.0   10.0
  201    -9.0     6.0   10.0
  202    -7.0     6.0   10.0
  203    -5.0     6.0   10.0
  204    -3.0     6.0   10.0
  205    -1.0     6.0   10.0
  206     1.0     6.0   10.0
  207     3.0     6.0   10.0
  208     5.0     6.0   10.0
  209     7.0     6.0   10.0
  210     9.0     6.0   10.0
  211    -8.0     7.0   10.0
  212    -6.0     7.0   10.0
  213    -4.0     7.0   10.0
  214    -2.0     7.0   10.0
  215     0.0     7.0   10.0
  216     2.0     7.0   10.0
  217     4.0     7.0   10.0
  218     6.0     7.0   10.0
  219     8.0     7.0   10.0
  220    -7.0     8.0   10.0
  221    -5.0     8.0   10.0
  222    -3.0     8.0   10.0
  223    -1.0     8.0   10.0
  224     1.0     8.0   10.0
  225     3.0     8.0   10.0
  226     5.0     8.0   10.0
  227     7.0     8.0   10.0
  228    -6.0     9.0   10.0
  229    -4.0     9.0   10.0
  230    -2.0     9.0   10.0
  231     0.0     9.0   10.0
  232     2.0     9.0   10.0
  233     4.0     9.0   10.0
  234     6.0     9.0   10.0
  235    -5.0    10.0   10.0
  236    -3.0    10.0   10.0
  237    -1.0    10.0   10.0
  238     1.0    10.0   10.0
  239     3.0    10.0   10.0
  240     5.0    10.0   10.0
  241    -4.0    11.0   10.0
  242    -2.0    11.0   10.0
  243     0.0    11.0   10.0
  244     2.0    11.0   10.0
  245     4.0    11.0   10.0
  246    -3.0    12.0   10.0
  247    -1.0    12.0   10.0
  248     1.0    12.0   10.0
  249     3.0    12.0   10.0
  250    -2.0    13.0   10.0
  251     0.0    13.0   10.0
  252     2.0    13.0   10.0
  253    -1.0    14.0   10.0
  254     1.0    14.0   10.0
  255     0.0    15.0   10.0
Node - number of items - height and weight for each item
   0   0
   1   4    2   12    2   10    3   17    2   11
   2   1    2   50
   3   2    3   22    4   28
   4   4    3   12    2   10    4   17    2   11
   5   4    2   12    3   10    1   17    3   11
   6   2    2   22    3   28
   7   3    3   15    1   20    3   15
   8   1    1   50
   9   4    3   12    3   10    2   17    3   11
  10   5    2    7    4   15    1   10    4    7    3   11
  11   4    2   12    4   10    3   17    4   11
  12   2    2   22    1   28
  13   3    4    7    4   10    3    8
  14   2    3   11    1   14
  15   4    1    6    4    5    1    8    4    6
  16   4    2    6    2    5    1    8    3    6
  17   2    3   11    2   14
  18   4    3    6    3    5    3    8    3    6
  19   3    4    7    2   10    2    8
  20   1    2   25
  21   4    2    6    2    5    3    8    3    6
  22   4    2    6    3    5    4    8    3    6
  23   4    3    6    4    5    1    8    2    6
  24   5    1    3    1    7    1    5    3    3    2    7
  25   4    1    6    3    5    2    8    3    6
  26   5    1    3    1    7    2    5    3    3    4    7
  27   2    2   11    3   14
  28   4    3    6    4    5    1    8    1    6
  29   5    1    3    1    7    4    5    1    3    3    7
  30   4    1    6    2    5    3    8    2    6
  31   5    4    3    4    7    1    5    4    3    4    7
  32   2    2   11    3   14
  33   5    1    6    4   12    1    8    4    6    1    8
  34   5    4    6    4   12    4    8    3    6    1    8
  35   5    4    6    2   12    4    8    2    6    4    8
  36   1    4   40
  37   2    3   18    2   22
  38   5    1    6    4   12    3    8    4    6    1    8
  39   4    1   10    1    8    3   14    2    8
  40   5    3    6    4   12    4    8    2    6    3    8
  41   2    3   18    4   22
  42   1    4   40
  43   1    3   40
  44   2    2   18    2   22
  45   3    1   12    1   16    3   12
  46   3    4   12    1   16    1   12
  47   3    2   12    1   16    3   12
  48   5    3    6    2   12    3    8    4    6    1    8
  49   2    3   18    2   22
  50   2    2   18    2   22
  51   3    1   12    1   16    3   12
  52   2    4   18    2   22
  53   3    3   12    2   16    4   12
  54   4    3   10    1    8    4   14    4    8
  55   2    2   18    2   22
  56   3    4   12    4   16    4   12
  57   2    2   18    4   22
  58   3    3   12    1   16    4   12
  59   5    2    6    3   12    4    8    1    6    3    8
  60   3    4   12    2   16    2   12
  61   1    1   30
  62   4    2    7    1    6    2   10    3    7
  63   3    2    9    1   12    3    9
  64   5    1    4    2    9    1    6    3    4    1    7
  65   3    2    9    2   12    4    9
  66   3    1    9    2   12    1    9
  67   1    4   30
  68   1    2   30
  69   4    1    7    2    6    2   10    1    7
  70   2    4   13    1   17
  71   1    1   30
  72   2    3   13    4   17
  73   2    4   13    4   17
  74   1    2   30
  75   4    4    7    1    6    2   10    2    7
  76   3    2    9    1   12    3    9
  77   1    1   30
  78   1    4   30
  79   3    1    9    2   12    3    9
  80   2    2   13    1   17
  81   3    4    9    4   12    2    9
  82   5    2    4    4    9    3    6    3    4    4    7
  83   5    1    4    3    9    1    6    3    4    1    7
  84   2    4   13    1   17
  85   4    1    7    4    6    1   10    1    7
  86   2    1   13    1   17
  87   4    3    7    3    6    3   10    2    7
  88   1    4   30
  89   2    2   13    4   17
  90   2    2   13    1   17
  91   5    3    4    3    9    2    6    1    4    1    7
  92   1    4   30
  93   2    4   13    3   17
  94   3    4    9    3   12    4    9
  95   5    1    4    3    9    4    6    3    4    2    7
  96   1    1   30
  97   4    2    5    2    4    1    7    4    5
  98   5    2    3    3    6    3    4    3    3    2    5
  99   4    2    5    3    4    1    7    1    5
 100   1    3   21
 101   2    4    9    2   12
 102   2    4    9    2   12
 103   2    3    9    3   12
 104   5    2    3    2    6    2    4    4    3    4    5
 105   5    2    3    3    6    2    4    4    3    2    5
 106   3    1    6    1    8    2    7
 107   3    2    6    3    8    2    7
 108   1    3   21
 109   1    4   21
 110   5    2    3    2    6    2    4    2    3    2    5
 111   4    1    5    1    4    1    7    4    5
 112   2    3    9    1   12
 113   1    4   21
 114   3    3    6    3    8    4    7
 115   4    4    5    3    4    1    7    2    5
 116   5    1    3    1    6    1    4    1    3    1    5
 117   2    4    9    4   12
 118   1    2   21
 119   5    4    3    3    6    2    4    1    3    4    5
 120   3    4    6    1    8    4    7
 121   5    2    3    1    6    1    4    2    3    4    5
 122   2    1    9    1   12
 123   3    1    6    4    8    1    7
 124   4    1    5    3    4    1    7    3    5
 125   5    4    3    1    6    4    4    3    3    4    5
 126   4    1    5    2    4    4    7    4    5
 127   5    4    3    4    6    1    4    1    3    2    5
 128   3    3    6    1    8    3    7
 129   2    2    9    2   12
 130   1    4   21
 131   1    2   21
 132   1    2   21
 133   5    4    3    3    6    1    4    1    3    2    5
 134   4    1    5    2    4    1    7    1    5
 135   4    2    5    4    4    1    7    3    5
 136   1    4   21
 137   5    4    3    3    6    4    4    1    3    1    5
 138   3    3    6    3    8    1    7
 139   4    3    5    1    4    2    7    4    5
 140   4    2    5    2    4    2    7    2    5
 141   5    4    2    1    4    2    3    1    2    2    4
 142   4    3    3    3    3    2    5    2    4
 143   1    1   15
 144   5    4    2    4    4    3    3    3    2    2    4
 145   3    1    4    1    6    4    5
 146   4    3    3    3    3    4    5    4    4
 147   4    3    3    2    3    3    5    3    4
 148   3    3    4    3    6    3    5
 149   4    4    3    2    3    4    5    2    4
 150   1    2   15
 151   1    4   15
 152   2    4    6    1    9
 153   3    1    4    1    6    2    5
 154   3    1    4    4    6    1    5
 155   5    1    2    1    4    2    3    2    2    3    4
 156   2    2    6    3    9
 157   3    3    4    2    6    1    5
 158   4    1    3    1    3    2    5    1    4
 159   2    2    6    4    9
 160   4    4    3    1    3    3    5    2    4
 161   3    2    4    4    6    1    5
 162   1    4   15
 163   3    4    4    1    6    3    5
 164   3    1    4    3    6    1    5
 165   5    4    2    2    4    4    3    3    2    3    4
 166   5    1    2    3    4    4    3    4    2    4    4
 167   2    1    6    3    9
 168   1    1   15
 169   5    2    2    3    4    2    3    1    2    3    4
 170   1    4   15
 171   2    1    6    3    9
 172   5    2    2    4    4    3    3    2    2    4    4
 173   2    1    6    3    9
 174   5    3    2    4    4    2    3    1    2    4    4
 175   3    3    4    3    6    1    5
 176   4    4    3    4    3    4    5    2    4
 177   4    3    3    2    3    1    5    3    4
 178   5    4    2    4    4    2    3    2    2    4    4
 179   4    2    3    2    3    2    5    4    4
 180   3    3    4    2    6    3    5
 181   2    2    6    2    9
 182   2    3    6    3    9
 183   1    3   15
 184   4    4    3    3    3    3    5    1    4
 185   3    2    4    4    6    2    5
 186   1    3   15
 187   3    3    4    1    6    1    5
 188   3    1    4    1    6    2    5
 189   4    4    3    3    3    1    5    2    4
 190   4    4    3    3    3    3    5    4    4
 191   5    2    2    3    4    3    3    3    2    3    4
 192   4    3    3    4    3    1    5    4    4
 193   3    3    3    3    4    1    3
 194   3    3    3    1    4    4    3
 195   3    4    3    2    4    4    3
 196   1    3   10
 197   2    1    4    1    6
 198   1    1   10
 199   3    1    3    4    4    3    3
 200   5    1    1    4    3    1    2    1    1    3    3
 201   1    4   10
 202   4    4    2    1    2    3    3    3    3
 203   4    4    2    4    2    4    3    4    3
 204   1    1   10
 205   4    2    2    1    2    4    3    2    3
 206   4    3    2    2    2    1    3    2    3
 207   1    3   10
 208   5    1    1    2    3    1    2    1    1    4    3
 209   5    2    1    3    3    3    2    2    1    4    3
 210   5    1    1    1    3    4    2    4    1    3    3
 211   5    4    1    4    3    4    2    1    1    1    3
 212   5    2    1    1    3    1    2    2    1    3    3
 213   1    2   10
 214   4    4    2    4    2    4    3    1    3
 215   4    4    2    3    2    4    3    2    3
 216   5    1    1    1    3    4    2    1    1    2    3
 217   3    1    3    2    4    3    3
 218   1    3   10
 219   5    3    1    4    3    3    2    1    1    3    3
 220   5    3    1    4    3    2    2    3    1    3    3
 221   4    3    2    2    2    4    3    4    3
 222   2    3    4    4    6
 223   4    1    2    2    2    1    3    4    3
 224   1    2   10
 225   1    1   10
 226   3    1    3    1    4    2    3
 227   1    3   10
 228   1    4   10
 229   2    3    4    1    6
 230   4    2    2    4    2    3    3    3    3
 231   3    1    3    1    4    2    3
 232   5    1    1    3    3    1    2    3    1    1    3
 233   1    2   10
 234   5    2    1    3    3    4    2    1    1    2    3
 235   3    2    3    3    4    4    3
 236   3    3    3    4    4    1    3
 237   2    2    4    1    6
 238   3    1    3    4    4    1    3
 239   5    1    1    4    3    2    2    1    1    3    3
 240   4    1    2    2    2    2    3    2    3
 241   3    2    3    3    4    4    3
 242   3    2    3    3    4    4    3
 243   4    4    2    2    2    2    3    4    3
 244   5    1    1    3    3    2    2    1    1    2    3
 245   1    1   10
 246   3    1    3    3    4    1    3
 247   1    1   10
 248   3    4    3    2    4    4    3
 249   3    2    3    2    4    4    3
 250   5    4    1    4    3    1    2    4    1    4    3
 251   1    2   10
 252   1    4   10
 253   5    4    1    3    3    2    2    4    1    4    3
 254   4    4    2    3    2    1    3    3    3
 255   3    4    3    2    4    3    3
