Instance: E036-11h.dat
Class:  4
   35 --- number of customers (no depot)
   11 --- number of vehicles
    8 --- number of stacks on the vehicle
   93 --- number of items
Capacity of the vehicle - height of each stacks
    900    10
Node - x - y - demand
    0    40.0    40.0     0.0
    1    22.0    22.0    18.0
    2    36.0    26.0    26.0
    3    21.0    45.0    11.0
    4    45.0    35.0    30.0
    5    55.0    20.0    21.0
    6    33.0    34.0    19.0
    7    50.0    50.0    15.0
    8    55.0    45.0    16.0
    9    26.0    59.0    29.0
   10    40.0    66.0    26.0
   11    55.0    65.0    37.0
   12    35.0    51.0    16.0
   13    62.0    35.0    12.0
   14    62.0    57.0    31.0
   15    62.0    24.0     8.0
   16    21.0    36.0    19.0
   17    33.0    44.0    20.0
   18     9.0    56.0    13.0
   19    62.0    48.0    15.0
   20    66.0    14.0    22.0
   21    44.0    13.0    28.0
   22    26.0    13.0    12.0
   23    11.0    28.0     6.0
   24     7.0    43.0    27.0
   25    17.0    64.0    14.0
   26    41.0    46.0    18.0
   27    55.0    34.0    17.0
   28    35.0    16.0    29.0
   29    52.0    26.0    13.0
   30    43.0    26.0    22.0
   31    31.0    76.0    25.0
   32    22.0    53.0    28.0
   33    26.0    29.0    27.0
   34    50.0    40.0    19.0
   35    55.0    50.0    10.0
Node - number of items - height and weight for each item
   0   0
   1   1    1   18
   2   4    2    6    4    6    4    6    3    8
   3   4    4    2    3    2    4    2    2    5
   4   4    2    7    4    7    1    7    1    9
   5   4    2    5    4    5    4    5    4    6
   6   3    3    5    3    5    2    9
   7   2    3    7    4    8
   8   1    2   16
   9   2    2   14    4   15
  10   2    3   13    1   13
  11   3    4   11    1   11    1   15
  12   3    4    4    1    4    3    8
  13   1    2   12
  14   1    4   31
  15   3    1    2    1    2    4    4
  16   2    3    9    3   10
  17   1    4   20
  18   2    3    6    4    7
  19   4    3    3    4    3    4    3    3    6
  20   4    2    5    3    5    2    5    1    7
  21   1    1   28
  22   3    1    3    1    3    3    6
  23   1    3    6
  24   3    4    8    4    8    4   11
  25   4    1    3    1    3    4    3    4    5
  26   3    3    5    2    5    3    8
  27   4    2    4    1    4    1    4    2    5
  28   1    2   29
  29   4    1    3    1    3    3    3    4    4
  30   4    2    5    3    5    2    5    3    7
  31   4    2    6    4    6    2    6    1    7
  32   3    4    8    1    8    2   12
  33   1    1   27
  34   2    1    9    3   10
  35   2    1    5    3    5
