Instance: E101-08e.dat
Class:  4
  100 --- number of customers (no depot)
   22 --- number of vehicles
    8 --- number of stacks on the vehicle
  254 --- number of items
Capacity of the vehicle - height of each stacks
    900    10
Node - x - y - demand
    0    35.0    35.0     0.0
    1    41.0    49.0    10.0
    2    35.0    17.0     7.0
    3    55.0    45.0    13.0
    4    55.0    20.0    19.0
    5    15.0    30.0    26.0
    6    25.0    30.0     3.0
    7    20.0    50.0     5.0
    8    10.0    43.0     9.0
    9    55.0    60.0    16.0
   10    30.0    60.0    16.0
   11    20.0    65.0    12.0
   12    50.0    35.0    19.0
   13    30.0    25.0    23.0
   14    15.0    10.0    20.0
   15    30.0     5.0     8.0
   16    10.0    20.0    19.0
   17     5.0    30.0     2.0
   18    20.0    40.0    12.0
   19    15.0    60.0    17.0
   20    45.0    65.0     9.0
   21    45.0    20.0    11.0
   22    45.0    10.0    18.0
   23    55.0     5.0    29.0
   24    65.0    35.0     3.0
   25    65.0    20.0     6.0
   26    45.0    30.0    17.0
   27    35.0    40.0    16.0
   28    41.0    37.0    16.0
   29    64.0    42.0     9.0
   30    40.0    60.0    21.0
   31    31.0    52.0    27.0
   32    35.0    69.0    23.0
   33    53.0    52.0    11.0
   34    65.0    55.0    14.0
   35    63.0    65.0     8.0
   36     2.0    60.0     5.0
   37    20.0    20.0     8.0
   38     5.0     5.0    16.0
   39    60.0    12.0    31.0
   40    40.0    25.0     9.0
   41    42.0     7.0     5.0
   42    24.0    12.0     5.0
   43    23.0     3.0     7.0
   44    11.0    14.0    18.0
   45     6.0    38.0    16.0
   46     2.0    48.0     1.0
   47     8.0    56.0    27.0
   48    13.0    52.0    36.0
   49     6.0    68.0    30.0
   50    47.0    47.0    13.0
   51    49.0    58.0    10.0
   52    27.0    43.0     9.0
   53    37.0    31.0    14.0
   54    57.0    29.0    18.0
   55    63.0    23.0     2.0
   56    53.0    12.0     6.0
   57    32.0    12.0     7.0
   58    36.0    26.0    18.0
   59    21.0    24.0    28.0
   60    17.0    34.0     3.0
   61    12.0    24.0    13.0
   62    24.0    58.0    19.0
   63    27.0    69.0    10.0
   64    15.0    77.0     9.0
   65    62.0    77.0    20.0
   66    49.0    73.0    25.0
   67    67.0     5.0    25.0
   68    56.0    39.0    36.0
   69    37.0    47.0     6.0
   70    37.0    56.0     5.0
   71    57.0    68.0    15.0
   72    47.0    16.0    25.0
   73    44.0    17.0     9.0
   74    46.0    13.0     8.0
   75    49.0    11.0    18.0
   76    49.0    42.0    13.0
   77    53.0    43.0    14.0
   78    61.0    52.0     3.0
   79    57.0    48.0    23.0
   80    56.0    37.0     6.0
   81    55.0    54.0    26.0
   82    15.0    47.0    16.0
   83    14.0    37.0    11.0
   84    11.0    31.0     7.0
   85    16.0    22.0    41.0
   86     4.0    18.0    35.0
   87    28.0    18.0    26.0
   88    26.0    52.0     9.0
   89    26.0    35.0    15.0
   90    31.0    67.0     3.0
   91    15.0    19.0     1.0
   92    22.0    22.0     2.0
   93    18.0    24.0    22.0
   94    26.0    27.0    27.0
   95    25.0    24.0    20.0
   96    22.0    27.0    11.0
   97    25.0    21.0    12.0
   98    19.0    21.0    10.0
   99    20.0    26.0     9.0
  100    18.0    18.0    17.0
Node - number of items - height and weight for each item
   0   0
   1   2    1    5    4    5
   2   3    1    2    1    2    3    3
   3   3    2    3    1    3    4    7
   4   2    4    9    1   10
   5   1    4   26
   6   1    2    3
   7   1    4    5
   8   1    2    9
   9   4    1    4    3    4    2    4    1    4
  10   3    4    4    1    4    4    8
  11   3    1    3    4    3    3    6
  12   3    3    5    4    5    4    9
  13   2    2   11    2   12
  14   1    3   20
  15   2    4    4    1    4
  16   3    2    5    2    5    3    9
  17   1    3    2
  18   4    3    3    2    3    2    3    2    3
  19   4    1    4    3    4    3    4    2    5
  20   3    2    2    4    2    3    5
  21   3    2    3    3    3    4    5
  22   2    4    9    2    9
  23   2    2   14    2   15
  24   1    4    3
  25   1    2    6
  26   2    1    8    1    9
  27   1    2   16
  28   2    1    8    2    8
  29   2    2    4    2    5
  30   1    2   21
  31   3    2    8    1    8    3   11
  32   3    3    6    4    6    2   11
  33   4    2    2    3    2    4    2    4    5
  34   4    2    3    2    3    3    3    2    5
  35   2    2    4    2    4
  36   1    4    5
  37   4    2    2    2    2    1    2    3    2
  38   2    2    8    2    8
  39   4    4    7    1    7    1    7    3   10
  40   1    1    9
  41   1    1    5
  42   1    2    5
  43   1    4    7
  44   1    4   18
  45   2    2    8    3    8
  46   1    4    1
  47   2    3   13    4   14
  48   2    1   18    4   18
  49   4    4    7    4    7    1    7    4    9
  50   3    3    3    2    3    2    7
  51   1    1   10
  52   2    4    4    4    5
  53   4    2    3    2    3    2    3    1    5
  54   2    2    9    3    9
  55   1    1    2
  56   1    3    6
  57   4    1    1    1    1    2    1    2    4
  58   4    3    4    3    4    4    4    1    6
  59   4    3    7    4    7    1    7    1    7
  60   1    2    3
  61   2    2    6    1    7
  62   2    1    9    3   10
  63   1    2   10
  64   3    1    2    3    2    3    5
  65   3    1    6    4    6    4    8
  66   2    3   12    3   13
  67   3    2    7    3    7    4   11
  68   1    2   36
  69   1    3    6
  70   1    2    5
  71   1    2   15
  72   3    2    7    3    7    1   11
  73   1    1    9
  74   1    2    8
  75   3    1    5    3    5    4    8
  76   1    1   13
  77   2    1    7    3    7
  78   1    3    3
  79   2    2   11    1   12
  80   1    3    6
  81   3    4    7    4    7    4   12
  82   2    2    8    4    8
  83   2    2    5    1    6
  84   3    3    2    3    2    3    3
  85   3    1   12    1   12    1   17
  86   2    1   17    4   18
  87   2    2   13    2   13
  88   1    3    9
  89   2    4    7    3    8
  90   1    1    3
  91   1    3    1
  92   1    4    2
  93   2    1   11    4   11
  94   4    4    6    4    6    4    6    3    9
  95   4    1    5    4    5    3    5    2    5
  96   2    2    5    2    6
  97   2    4    6    3    6
  98   4    4    2    4    2    1    2    1    4
  99   3    4    2    2    2    4    5
 100   1    1   17
