Instance: E022-04g.dat
Class:  5
   21 --- number of customers (no depot)
    5 --- number of vehicles
    8 --- number of stacks on the vehicle
   57 --- number of items
Capacity of the vehicle - height of each stacks
    900    10
Node - x - y - demand
    0   145.0   215.0    0.0
    1   151.0   264.0  107.0
    2   159.0   261.0   95.0
    3   130.0   254.0   75.0
    4   128.0   252.0   74.0
    5   163.0   247.0   81.0
    6   146.0   246.0   88.0
    7   161.0   242.0   68.0
    8   142.0   239.0   93.0
    9   163.0   236.0   75.0
   10   148.0   232.0   52.0
   11   128.0   231.0   72.0
   12   156.0   217.0   56.0
   13   129.0   214.0   46.0
   14   146.0   208.0  117.0
   15   164.0   208.0   68.0
   16   141.0   206.0  104.0
   17   147.0   193.0  101.0
   18   164.0   193.0  117.0
   19   129.0   189.0  111.0
   20   155.0   185.0  108.0
   21   139.0   182.0  117.0
Node - number of items - height and weight for each item
   0   0
   1   2    2   48    2   59
   2   3    3   28    1   38    1   29
   3   1    3   75
   4   5    2   11    3   22    3   14    2   11    4   16
   5   1    1   81
   6   1    4   88
   7   3    2   20    4   27    4   21
   8   2    4   41    4   52
   9   2    1   33    1   42
  10   1    4   52
  11   4    3   18    1   14    1   25    2   15
  12   5    1    8    4   16    4   11    3    8    3   13
  13   2    2   20    4   26
  14   3    1   35    4   46    4   36
  15   3    2   20    1   27    2   21
  16   4    1   26    1   20    3   36    2   22
  17   2    4   45    1   56
  18   5    4   17    1   35    4   23    2   17    2   25
  19   4    2   27    1   22    1   38    2   24
  20   2    1   48    1   60
  21   2    3   52    3   65
