Instance: E030-04s.DAT
Class:  1
   29 --- number of customers (no depot)
    4 --- number of vehicles
    8 --- number of stacks on the vehicle
   29 --- number of items
Capacity of the vehicle - height of each stacks
    900    10
Node - x - y - demand
    0   162.0   354.0    0.0
    1   218.0   382.0   73.0
    2   218.0   358.0   77.0
    3   201.0   370.0   70.0
    4   214.0   371.0   50.0
    5   224.0   370.0   75.0
    6   210.0   382.0   73.0
    7   104.0   354.0   79.0
    8   126.0   338.0   68.0
    9   119.0   340.0   66.0
   10   129.0   349.0   81.0
   11   126.0   347.0   30.0
   12   125.0   346.0   16.0
   13   116.0   355.0   17.0
   14   126.0   335.0   29.0
   15   125.0   355.0   41.0
   16   119.0   357.0   20.0
   17   115.0   341.0   68.0
   18   153.0   351.0   18.0
   19   175.0   363.0   33.0
   20   180.0   360.0   58.0
   21   159.0   331.0   15.0
   22   188.0   357.0   33.0
   23   152.0   349.0   40.0
   24   215.0   389.0   79.0
   25   212.0   394.0   75.0
   26   188.0   393.0   77.0
   27   207.0   406.0   80.0
   28   184.0   410.0   71.0
   29   207.0   392.0   74.0
Node - number of items - height and weight for each item
   0   0
   1   1    1   73
   2   1    2   77
   3   1    3   70
   4   1    1   50
   5   1    4   75
   6   1    1   73
   7   1    3   79
   8   1    4   68
   9   1    3   66
  10   1    2   81
  11   1    4   30
  12   1    1   16
  13   1    3   17
  14   1    4   29
  15   1    4   41
  16   1    2   20
  17   1    2   68
  18   1    2   18
  19   1    4   33
  20   1    1   58
  21   1    3   15
  22   1    4   33
  23   1    3   40
  24   1    3   79
  25   1    1   75
  26   1    4   77
  27   1    1   80
  28   1    4   71
  29   1    4   74
