Instance: E072-04f.dat
Class:  2
   71 --- number of customers (no depot)
   14 --- number of vehicles
    8 --- number of stacks on the vehicle
  104 --- number of items
Capacity of the vehicle - height of each stacks
    900    10
Node - x - y - demand
    0     0.0     0.0    0.0
    1   -12.0    -6.0   67.0
    2   -15.0    -5.0   79.0
    3    -1.0   -18.0   46.0
    4     2.0   -21.0   59.0
    5    -1.0   -17.0   40.0
    6    -9.0   -12.0  115.0
    7     2.0   -22.0   97.0
    8     1.0   -21.0   82.0
    9     7.0   -25.0  102.0
   10    -7.0   -17.0  100.0
   11   -11.0    -5.0   45.0
   12   -14.0    -9.0   99.0
   13   -14.0    -8.0  104.0
   14   -11.0    -2.0  109.0
   15   -14.0    -5.0  110.0
   16   -15.0    -9.0   94.0
   17   -15.0    -8.0   95.0
   18    -9.0    -6.0   52.0
   19   -14.0    -4.0   83.0
   20     3.0     6.0   80.0
   21     5.0     9.0   66.0
   22     5.0    10.0   44.0
   23     2.0     8.0   27.0
   24     1.0     9.0   91.0
   25     1.0    10.0   91.0
   26     2.0     9.0   68.0
   27     6.0    14.0   15.0
   28     5.0    12.0  102.0
   29     3.0     7.0   70.0
   30     4.0     8.0   61.0
   31    -6.0     1.0   11.0
   32    -6.0     2.0   52.0
   33    -8.0    -2.0   64.0
   34    -7.0     2.0   75.0
   35    -7.0    -3.0   75.0
   36    -7.0    -2.0   72.0
   37   -20.0    12.0   43.0
   38   -20.0    13.0   82.0
   39   -12.0    10.0   93.0
   40   -20.0    15.0   81.0
   41    -6.0     8.0   91.0
   42     2.0    21.0   89.0
   43     2.0    22.0  108.0
   44     1.0    21.0   70.0
   45    -1.0    24.0   79.0
   46     1.0    22.0  105.0
   47    -2.0    20.0   72.0
   48    -2.0    21.0   74.0
   49    -4.0    18.0   39.0
   50    -4.0    19.0   20.0
   51    -5.0    18.0  102.0
   52    -5.0    26.0   35.0
   53     1.0    23.0   11.0
   54    -6.0     5.0   62.0
   55    -6.0     6.0   18.0
   56    -9.0     6.0  101.0
   57    -9.0     7.0  100.0
   58   -12.0     5.0  104.0
   59   -12.0     6.0  101.0
   60   -11.0     3.0  106.0
   61   -11.0     4.0  101.0
   62   -14.0     4.0  104.0
   63   -14.0     5.0  105.0
   64   -15.0     4.0  102.0
   65   -15.0     5.0  103.0
   66   -16.0     7.0  103.0
   67   -16.0     8.0  106.0
   68   -15.0    10.0  108.0
   69   -20.0    10.0  114.0
   70    -5.0    19.0  103.0
   71    -9.0   -11.0  113.0
Node - number of items - height and weight for each item
   0   0
   1   2    3   30    3   37
   2   1    4   79
   3   1    3   46
   4   2    4   26    2   33
   5   2    4   18    2   22
   6   2    2   51    2   64
   7   2    4   43    1   54
   8   2    3   36    3   46
   9   1    1  102
  10   1    1  100
  11   2    4   205       25
  12   1    4   99
  13   1    3  104
  14   2    2   49    2   60
  15   1    4  110
  16   1    3   94
  17   1    2   95
  18   2    4   23    2   29
  19   1    3   83
  20   2    3   36    4   44
  21   1    1   66
  22   2    3   19    1   25
  23   2    1   12    4   15
  24   2    4   40    4   51
  25   1    3   91
  26   1    1   68
  27   2    1    6    1    9
  28   1    1  102
  29   1    4   70
  30   2    1   27    1   34
  31   2    4    4    2    7
  32   1    2   52
  33   2    4   28    2   36
  34   2    2   33    2   42
  35   1    4   75
  36   1    4   72
  37   1    1   43
  38   1    3   82
  39   2    1   41    4   52
  40   2    4   36    4   45
  41   1    3   91
  42   1    2   89
  43   1    4  108
  44   1    3   70
  45   1    2   79
  46   2    3   47    1   58
  47   2    1   32    1   40
  48   1    2   74
  49   1    3   39
  50   1    4   20
  51   1    3  102
  52   1    3   35
  53   1    1   11
  54   1    2   62
  55   1    1   18
  56   2    1   45    3   56
  57   1    2  100
  58   1    4  104
  59   1    1  101
  60   1    3  106
  61   2    4   45    2   56
  62   2    3   46    2   58
  63   2    1   47    3   58
  64   2    3   45    4   57
  65   1    4  103
  66   2    2   46    4   57
  67   2    1   47    1   59
  68   1    3  108
  69   2    3   51    1   63
  70   1    2  103
  71   2    3   50    4   63
