Instance: E241-22k.dat
Class:  3
  240 --- number of customers (no depot)
   49 --- number of vehicles
    8 --- number of stacks on the vehicle
  490 --- number of items
Capacity of the vehicle - height of each stacks
    900    10
Node - x - y - demand
    0     0.0     0.0     0.0
    1     5.8     0.0    40.0
    2     2.9     5.0    40.0
    3    -2.9     5.0    40.0
    4    -5.8     0.0    40.0
    5    -2.9    -5.0    40.0
    6     2.9    -5.0    40.0
    7     8.7     5.0    40.0
    8     0.0    10.0    40.0
    9    -8.7     5.0    40.0
   10    -8.7    -5.0    40.0
   11     0.0   -10.0    40.0
   12     8.7    -5.0    40.0
   13     5.3     0.8    10.0
   14     3.3     4.3    10.0
   15     6.5    -1.3    10.0
   16     7.2    -2.5    20.0
   17     7.9    -3.8    10.0
   18     6.5     1.3    10.0
   19     7.2     2.5    20.0
   20     7.9     3.8    10.0
   21     2.0     5.0    10.0
   22    -2.0     5.0    10.0
   23     4.3     5.0    10.0
   24     5.8     5.0    20.0
   25     7.2     5.0    10.0
   26     2.2     6.3    10.0
   27     1.4     7.5    20.0
   28     0.7     8.8    10.0
   29    -3.3     4.3    10.0
   30    -5.3     0.8    10.0
   31    -2.2     6.3    10.0
   32    -1.4     7.5    20.0
   33    -0.7     8.8    10.0
   34    -4.3     5.0    10.0
   35    -5.8     5.0    20.0
   36    -7.2     5.0    10.0
   37    -5.3    -0.8    10.0
   38    -3.3    -4.3    10.0
   39    -6.5     1.3    10.0
   40    -7.2     2.5    20.0
   41    -7.9     3.8    10.0
   42    -6.5    -1.3    10.0
   43    -7.2    -2.5    20.0
   44    -7.9    -3.8    10.0
   45    -2.0    -5.0    10.0
   46     2.0    -5.0    10.0
   47    -4.3    -5.0    10.0
   48    -5.8    -5.0    20.0
   49    -7.2    -5.0    10.0
   50    -2.2    -6.3    10.0
   51    -1.4    -7.5    20.0
   52    -0.7    -8.8    10.0
   53     3.3    -4.3    10.0
   54     5.3    -0.8    10.0
   55     2.2    -6.3    10.0
   56     1.4    -7.5    20.0
   57     0.7    -8.8    10.0
   58     4.3    -5.0    10.0
   59     5.8    -5.0    20.0
   60     7.2    -5.0    10.0
   61     7.2     0.0    40.0
   62     3.6     6.3    40.0
   63    -3.6     6.3    40.0
   64    -7.2     0.0    40.0
   65    -3.6    -6.3    40.0
   66     3.6    -6.3    40.0
   67    10.8     6.3    40.0
   68     0.0    12.5    40.0
   69   -10.8     6.3    40.0
   70   -10.8    -6.3    40.0
   71     0.0   -12.5    40.0
   72    10.8    -6.3    40.0
   73     6.7     0.9    10.0
   74     4.1     5.3    10.0
   75     8.1    -1.6    10.0
   76     9.0    -3.1    20.0
   77     9.9    -4.7    10.0
   78     8.1     1.6    10.0
   79     9.0     3.1    20.0
   80     9.9     4.7    10.0
   81     2.5     6.3    10.0
   82    -2.5     6.3    10.0
   83     5.4     6.3    10.0
   84     7.2     6.3    20.0
   85     9.0     6.3    10.0
   86     2.7     7.8    10.0
   87     1.8     9.4    20.0
   88     0.9    10.9    10.0
   89    -4.1     5.3    10.0
   90    -6.7     0.9    10.0
   91    -2.7     7.8    10.0
   92    -1.8     9.4    20.0
   93    -0.9    10.9    10.0
   94    -5.4     6.3    10.0
   95    -7.2     6.3    20.0
   96    -9.0     6.3    10.0
   97    -6.7    -0.9    10.0
   98    -4.1    -5.3    10.0
   99    -8.1     1.6    10.0
  100    -9.0     3.1    20.0
  101    -9.9     4.7    10.0
  102    -8.1    -1.6    10.0
  103    -9.0    -3.1    20.0
  104    -9.9    -4.7    10.0
  105    -2.5    -6.3    10.0
  106     2.5    -6.3    10.0
  107    -5.4    -6.3    10.0
  108    -7.2    -6.3    20.0
  109    -9.0    -6.3    10.0
  110    -2.7    -7.8    10.0
  111    -1.8    -9.4    20.0
  112    -0.9   -10.9    10.0
  113     4.1    -5.3    10.0
  114     6.7    -0.9    10.0
  115     2.7    -7.8    10.0
  116     1.8    -9.4    20.0
  117     0.9   -10.9    10.0
  118     5.4    -6.3    10.0
  119     7.2    -6.3    20.0
  120     9.0    -6.3    10.0
  121     9.0     0.0    40.0
  122     4.5     7.8    40.0
  123    -4.5     7.8    40.0
  124    -9.0     0.0    40.0
  125    -4.5    -7.8    40.0
  126     4.5    -7.8    40.0
  127    13.5     7.8    40.0
  128     0.0    15.6    40.0
  129   -13.5     7.8    40.0
  130   -13.5    -7.8    40.0
  131     0.0   -15.6    40.0
  132    13.5    -7.8    40.0
  133     8.3     1.2    10.0
  134     5.2     6.6    10.0
  135    10.1    -2.0    10.0
  136    11.3    -3.9    20.0
  137    12.4    -5.9    10.0
  138    10.1     2.0    10.0
  139    11.3     3.9    20.0
  140    12.4     5.9    10.0
  141     3.2     7.8    10.0
  142    -3.2     7.8    10.0
  143     6.8     7.8    10.0
  144     9.0     7.8    20.0
  145    11.3     7.8    10.0
  146     3.4     9.8    10.0
  147     2.3    11.7    20.0
  148     1.1    13.7    10.0
  149    -5.2     6.6    10.0
  150    -8.3     1.2    10.0
  151    -3.4     9.8    10.0
  152    -2.3    11.7    20.0
  153    -1.1    13.7    10.0
  154    -6.8     7.8    10.0
  155    -9.0     7.8    20.0
  156   -11.3     7.8    10.0
  157    -8.3    -1.2    10.0
  158    -5.2    -6.6    10.0
  159   -10.1     2.0    10.0
  160   -11.3     3.9    20.0
  161   -12.4     5.9    10.0
  162   -10.1    -2.0    10.0
  163   -11.3    -3.9    20.0
  164   -12.4    -5.9    10.0
  165    -3.2    -7.8    10.0
  166     3.2    -7.8    10.0
  167    -6.8    -7.8    10.0
  168    -9.0    -7.8    20.0
  169   -11.3    -7.8    10.0
  170    -3.4    -9.8    10.0
  171    -2.3   -11.7    20.0
  172    -1.1   -13.7    10.0
  173     5.2    -6.6    10.0
  174     8.3    -1.2    10.0
  175     3.4    -9.8    10.0
  176     2.3   -11.7    20.0
  177     1.1   -13.7    10.0
  178     6.8    -7.8    10.0
  179     9.0    -7.8    20.0
  180    11.3    -7.8    10.0
  181    11.3     0.0    40.0
  182     5.6     9.8    40.0
  183    -5.6     9.8    40.0
  184   -11.3     0.0    40.0
  185    -5.6    -9.8    40.0
  186     5.6    -9.8    40.0
  187    16.9     9.8    40.0
  188     0.0    19.5    40.0
  189   -16.9     9.8    40.0
  190   -16.9    -9.8    40.0
  191     0.0   -19.5    40.0
  192    16.9    -9.8    40.0
  193    10.4     1.5    10.0
  194     6.5     8.3    10.0
  195    12.7    -2.4    10.0
  196    14.1    -4.9    20.0
  197    15.5    -7.3    10.0
  198    12.7     2.4    10.0
  199    14.1     4.9    20.0
  200    15.5     7.3    10.0
  201     3.9     9.8    10.0
  202    -3.9     9.8    10.0
  203     8.5     9.8    10.0
  204    11.3     9.8    20.0
  205    14.1     9.8    10.0
  206     4.2    12.2    10.0
  207     2.8    14.6    20.0
  208     1.4    17.1    10.0
  209    -6.5     8.3    10.0
  210   -10.4     1.5    10.0
  211    -4.2    12.2    10.0
  212    -2.8    14.6    20.0
  213    -1.4    17.1    10.0
  214    -8.5     9.8    10.0
  215   -11.3     9.8    20.0
  216   -14.1     9.8    10.0
  217   -10.4    -1.5    10.0
  218    -6.5    -8.3    10.0
  219   -12.7     2.4    10.0
  220   -14.1     4.9    20.0
  221   -15.5     7.3    10.0
  222   -12.7    -2.4    10.0
  223   -14.1    -4.9    20.0
  224   -15.5    -7.3    10.0
  225    -3.9    -9.8    10.0
  226     3.9    -9.8    10.0
  227    -8.5    -9.8    10.0
  228   -11.3    -9.8    20.0
  229   -14.1    -9.8    10.0
  230    -4.2   -12.2    10.0
  231    -2.8   -14.6    20.0
  232    -1.4   -17.1    10.0
  233     6.5    -8.3    10.0
  234    10.4    -1.5    10.0
  235     4.2   -12.2    10.0
  236     2.8   -14.6    20.0
  237     1.4   -17.1    10.0
  238     8.5    -9.8    10.0
  239    11.3    -9.8    20.0
  240    14.1    -9.8    10.0
Node - number of items - height and weight for each item
   0   0
   1   3    1   12    1   12    2   16
   2   2    1   20    4   20
   3   1    4   40
   4   2    2   20    4   20
   5   3    4   12    1   12    1   16
   6   3    2   12    3   12    4   16
   7   1    3   40
   8   3    2   12    3   12    2   16
   9   1    2   40
  10   3    1   12    3   12    3   16
  11   2    3   20    4   20
  12   3    3   12    3   12    2   16
  13   1    3   10
  14   1    4   10
  15   2    2    5    3    5
  16   2    1   10    3   10
  17   3    4    3    2    3    2    4
  18   3    1    3    4    3    3    4
  19   2    3   10    3   10
  20   2    2    5    1    5
  21   2    1    5    2    5
  22   1    2   10
  23   2    4    5    1    5
  24   1    1   20
  25   2    3    5    1    5
  26   1    2   10
  27   2    2   10    1   10
  28   2    3    5    4    5
  29   2    3    5    3    5
  30   1    3   10
  31   1    4   10
  32   2    2   10    4   10
  33   3    3    3    3    3    3    4
  34   3    4    3    2    3    3    4
  35   3    4    6    1    6    3    8
  36   2    3    5    1    5
  37   1    3   10
  38   2    4    5    2    5
  39   2    1    5    4    5
  40   3    1    6    3    6    4    8
  41   1    4   10
  42   3    2    3    4    3    3    4
  43   3    1    6    1    6    1    8
  44   2    1    5    2    5
  45   2    3    5    2    5
  46   2    4    5    1    5
  47   2    4    5    3    5
  48   3    3    6    1    6    4    8
  49   3    2    3    1    3    1    4
  50   1    1   10
  51   3    2    6    2    6    2    8
  52   3    3    3    4    3    4    4
  53   2    3    5    3    5
  54   1    3   10
  55   2    1    5    2    5
  56   2    4   10    4   10
  57   2    2    5    2    5
  58   1    1   10
  59   2    1   10    3   10
  60   2    3    5    2    5
  61   3    1   12    2   12    2   16
  62   2    1   20    1   20
  63   2    1   20    2   20
  64   2    4   20    2   20
  65   2    4   20    2   20
  66   2    2   20    3   20
  67   3    2   12    4   12    2   16
  68   3    3   12    2   12    1   16
  69   3    2   12    2   12    2   16
  70   3    1   12    3   12    4   16
  71   3    3   12    1   12    4   16
  72   1    3   40
  73   3    4    3    4    3    2    4
  74   1    2   10
  75   3    3    3    3    3    3    4
  76   2    2   10    4   10
  77   2    1    5    2    5
  78   1    4   10
  79   2    1   10    1   10
  80   1    1   10
  81   2    3    5    1    5
  82   1    1   10
  83   3    4    3    4    3    1    4
  84   1    2   20
  85   1    1   10
  86   2    2    5    4    5
  87   3    1    6    4    6    3    8
  88   2    2    5    2    5
  89   2    2    5    4    5
  90   1    4   10
  91   2    3    5    4    5
  92   1    4   20
  93   2    1    5    4    5
  94   2    2    5    1    5
  95   3    4    6    4    6    4    8
  96   1    2   10
  97   1    4   10
  98   2    2    5    3    5
  99   3    4    3    4    3    4    4
 100   3    1    6    1    6    4    8
 101   3    4    3    1    3    2    4
 102   1    3   10
 103   1    2   20
 104   3    3    3    1    3    4    4
 105   3    1    3    2    3    2    4
 106   3    2    3    1    3    3    4
 107   3    4    3    3    3    4    4
 108   1    1   20
 109   1    2   10
 110   1    4   10
 111   2    4   10    1   10
 112   1    3   10
 113   3    1    3    4    3    4    4
 114   2    1    5    1    5
 115   3    3    3    2    3    1    4
 116   2    3   10    1   10
 117   3    2    3    3    3    4    4
 118   1    3   10
 119   2    3   10    3   10
 120   1    3   10
 121   2    1   20    1   20
 122   1    4   40
 123   1    4   40
 124   1    2   40
 125   3    1   12    1   12    1   16
 126   2    4   20    4   20
 127   3    1   12    2   12    1   16
 128   1    3   40
 129   2    3   20    1   20
 130   3    1   12    3   12    2   16
 131   3    1   12    4   12    3   16
 132   2    1   20    2   20
 133   1    2   10
 134   2    3    5    3    5
 135   2    1    5    1    5
 136   2    1   10    4   10
 137   1    4   10
 138   2    4    5    2    5
 139   1    3   20
 140   2    1    5    2    5
 141   2    2    5    3    5
 142   3    4    3    4    3    1    4
 143   3    3    3    1    3    2    4
 144   2    3   10    3   10
 145   3    2    3    3    3    4    4
 146   1    4   10
 147   1    1   20
 148   2    4    5    3    5
 149   2    3    5    2    5
 150   1    3   10
 151   1    4   10
 152   3    1    6    4    6    4    8
 153   1    4   10
 154   3    1    3    4    3    4    4
 155   1    2   20
 156   2    2    5    1    5
 157   1    4   10
 158   3    3    3    2    3    2    4
 159   1    4   10
 160   1    1   20
 161   2    3    5    1    5
 162   1    1   10
 163   3    4    6    2    6    2    8
 164   3    3    3    1    3    2    4
 165   2    3    5    3    5
 166   3    3    3    2    3    1    4
 167   1    4   10
 168   2    2   10    1   10
 169   2    3    5    4    5
 170   3    1    3    4    3    1    4
 171   2    2   10    1   10
 172   2    1    5    4    5
 173   3    2    3    4    3    3    4
 174   1    4   10
 175   3    4    3    3    3    2    4
 176   2    2   10    4   10
 177   1    2   10
 178   1    4   10
 179   3    3    6    1    6    3    8
 180   2    4    5    1    5
 181   2    1   20    2   20
 182   1    2   40
 183   3    4   12    1   12    1   16
 184   2    4   20    4   20
 185   1    1   40
 186   2    4   20    3   20
 187   2    1   20    2   20
 188   2    2   20    4   20
 189   3    2   12    2   12    4   16
 190   2    1   20    2   20
 191   2    4   20    1   20
 192   3    3   12    4   12    4   16
 193   3    3    3    2    3    3    4
 194   2    1    5    1    5
 195   1    3   10
 196   1    2   20
 197   1    1   10
 198   2    1    5    4    5
 199   2    4   10    1   10
 200   1    4   10
 201   3    4    3    1    3    2    4
 202   1    4   10
 203   3    2    3    2    3    4    4
 204   3    1    6    4    6    4    8
 205   3    1    3    4    3    4    4
 206   1    1   10
 207   1    3   20
 208   2    3    5    2    5
 209   2    4    5    1    5
 210   3    1    3    3    3    4    4
 211   3    3    3    4    3    2    4
 212   3    1    6    1    6    4    8
 213   3    3    3    3    3    2    4
 214   2    4    5    4    5
 215   3    4    6    1    6    2    8
 216   3    3    3    2    3    3    4
 217   1    3   10
 218   2    4    5    4    5
 219   3    2    3    3    3    1    4
 220   2    3   10    2   10
 221   3    2    3    3    3    4    4
 222   2    3    5    4    5
 223   3    3    6    4    6    2    8
 224   2    3    5    1    5
 225   3    4    3    3    3    2    4
 226   1    3   10
 227   3    2    3    2    3    4    4
 228   3    1    6    4    6    4    8
 229   2    1    5    4    5
 230   3    4    3    4    3    4    4
 231   2    1   10    3   10
 232   3    3    3    2    3    3    4
 233   2    2    5    1    5
 234   1    2   10
 235   2    3    5    1    5
 236   3    1    6    1    6    3    8
 237   2    2    5    3    5
 238   1    4   10
 239   2    4   10    2   10
 240   1    4   10
