Instance: E041-14h.dat
Class:  4
   40 --- number of customers (no depot)
   14 --- number of vehicles
    8 --- number of stacks on the vehicle
   96 --- number of items
Capacity of the vehicle - height of each stacks
    900    10
Node - x - y - demand
    0    40.0    40.0     0.0
    1    22.0    22.0    18.0
    2    36.0    26.0    26.0
    3    21.0    45.0    11.0
    4    45.0    35.0    30.0
    5    55.0    20.0    21.0
    6    33.0    34.0    19.0
    7    50.0    50.0    15.0
    8    55.0    45.0    16.0
    9    26.0    59.0    29.0
   10    40.0    66.0    26.0
   11    55.0    65.0    37.0
   12    35.0    51.0    16.0
   13    62.0    35.0    12.0
   14    62.0    57.0    31.0
   15    62.0    24.0     8.0
   16    21.0    36.0    19.0
   17    33.0    44.0    20.0
   18     9.0    56.0    13.0
   19    62.0    48.0    15.0
   20    66.0    14.0    22.0
   21    44.0    13.0    28.0
   22    26.0    13.0    12.0
   23    11.0    28.0     6.0
   24     7.0    43.0    27.0
   25    17.0    64.0    14.0
   26    41.0    46.0    18.0
   27    55.0    34.0    17.0
   28    35.0    16.0    29.0
   29    52.0    26.0    13.0
   30    43.0    26.0    22.0
   31    31.0    76.0    25.0
   32    22.0    53.0    28.0
   33    26.0    29.0    27.0
   34    50.0    40.0    19.0
   35    55.0    50.0    10.0
   36    54.0    10.0    12.0
   37    60.0    15.0    14.0
   38    47.0    66.0    24.0
   39    30.0    60.0    16.0
   40    30.0    50.0    33.0
Node - number of items - height and weight for each item
   0   0
   1   4    4    4    3    4    4    4    3    6
   2   4    1    6    3    6    3    6    1    8
   3   4    2    2    2    2    4    2    1    5
   4   4    4    7    1    7    4    7    2    9
   5   3    2    6    4    6    1    9
   6   4    3    4    2    4    1    4    1    7
   7   1    1   15
   8   2    3    8    1    8
   9   1    2   29
  10   2    3   13    2   13
  11   3    2   11    1   11    2   15
  12   4    2    4    1    4    2    4    4    4
  13   1    4   12
  14   1    1   31
  15   2    2    4    2    4
  16   1    3   19
  17   1    4   20
  18   3    4    3    2    3    1    7
  19   3    4    4    1    4    2    7
  20   1    2   22
  21   2    4   14    3   14
  22   2    1    6    4    6
  23   1    4    6
  24   3    4    8    1    8    3   11
  25   2    2    7    2    7
  26   1    3   18
  27   2    2    8    3    9
  28   3    2    8    3    8    2   13
  29   2    1    6    2    7
  30   3    3    6    3    6    2   10
  31   1    3   25
  32   4    1    7    4    7    1    7    2    7
  33   3    2    8    2    8    4   11
  34   4    1    4    2    4    4    4    1    7
  35   1    2   10
  36   3    2    3    2    3    1    6
  37   1    4   14
  38   4    1    6    3    6    2    6    1    6
  39   1    2   16
  40   4    3    8    3    8    3    8    4    9
