Instance: E033-03n.DAT
Class:  1
   32 --- number of customers (no depot)
    3 --- number of vehicles
    8 --- number of stacks on the vehicle
   32 --- number of items
Capacity of the vehicle - height of each stacks
    900    10
Node - x - y - demand
    0   250.0   200.0    0.0
    1    10.0   260.0   56.0
    2   313.0   382.0   54.0
    3   467.0    67.0   53.0
    4   205.0   254.0   50.0
    5   275.0    34.0   54.0
    6   269.0   262.0   28.0
    7   293.0   269.0   46.0
    8   333.0   212.0   27.0
    9   304.0   202.0   43.0
   10   286.0   207.0   48.0
   11   288.0   191.0   47.0
   12   295.0   235.0   43.0
   13    50.0   249.0   48.0
   14   484.0   179.0   47.0
   15   447.0   189.0   40.0
   16   215.0   204.0   35.0
   17    22.0   255.0   27.0
   18   267.0   316.0   34.0
   19   391.0   196.0   27.0
   20   399.0   122.0   27.0
   21   363.0   187.0   41.0
   22   355.0   236.0   44.0
   23   378.0   203.0   46.0
   24   458.0   218.0   41.0
   25   383.0   181.0   40.0
   26   240.0   326.0   42.0
   27   273.0   349.0   44.0
   28   278.0   374.0   51.0
   29   352.0   271.0   52.0
   30   324.0   295.0   53.0
   31   249.0   250.0   55.0
   32    65.0   248.0   54.0
Node - number of items - height and weight for each item
   0   0
   1   1    1   56
   2   1    2   54
   3   1    3   53
   4   1    1   50
   5   1    4   54
   6   1    1   28
   7   1    3   46
   8   1    4   27
   9   1    3   43
  10   1    2   48
  11   1    4   47
  12   1    1   43
  13   1    3   48
  14   1    4   47
  15   1    4   40
  16   1    2   35
  17   1    2   27
  18   1    2   34
  19   1    4   27
  20   1    1   27
  21   1    3   41
  22   1    4   44
  23   1    3   46
  24   1    3   41
  25   1    1   40
  26   1    4   42
  27   1    1   44
  28   1    4   51
  29   1    4   52
  30   1    4   53
  31   1    3   55
  32   1    1   54
