Instance: E256-14k.dat
Class:  1
  255 --- number of customers (no depot)
   47 --- number of vehicles
    8 --- number of stacks on the vehicle
  255 --- number of items
Capacity of the vehicle - height of each stacks
    900    10
Node - x - y - demand
    0     0.0   -15.0    0.0
    1    -1.0   -14.0   50.0
    2     1.0   -14.0   50.0
    3    -2.0   -13.0   50.0
    4     0.0   -13.0   50.0
    5     2.0   -13.0   50.0
    6    -3.0   -12.0   50.0
    7    -1.0   -12.0   50.0
    8     1.0   -12.0   50.0
    9     3.0   -12.0   50.0
   10    -4.0   -11.0   50.0
   11    -2.0   -11.0   50.0
   12     0.0   -11.0   50.0
   13     2.0   -11.0   25.0
   14     4.0   -11.0   25.0
   15    -5.0   -10.0   25.0
   16    -3.0   -10.0   25.0
   17    -1.0   -10.0   25.0
   18     1.0   -10.0   25.0
   19     3.0   -10.0   25.0
   20     5.0   -10.0   25.0
   21    -6.0    -9.0   25.0
   22    -4.0    -9.0   25.0
   23    -2.0    -9.0   25.0
   24     0.0    -9.0   25.0
   25     2.0    -9.0   25.0
   26     4.0    -9.0   25.0
   27     6.0    -9.0   25.0
   28    -7.0    -8.0   25.0
   29    -5.0    -8.0   25.0
   30    -3.0    -8.0   25.0
   31    -1.0    -8.0   25.0
   32     1.0    -8.0   25.0
   33     3.0    -8.0   40.0
   34     5.0    -8.0   40.0
   35     7.0    -8.0   40.0
   36    -8.0    -7.0   40.0
   37    -6.0    -7.0   40.0
   38    -4.0    -7.0   40.0
   39    -2.0    -7.0   40.0
   40     0.0    -7.0   40.0
   41     2.0    -7.0   40.0
   42     4.0    -7.0   40.0
   43     6.0    -7.0   40.0
   44     8.0    -7.0   40.0
   45    -9.0    -6.0   40.0
   46    -7.0    -6.0   40.0
   47    -5.0    -6.0   40.0
   48    -3.0    -6.0   40.0
   49    -1.0    -6.0   40.0
   50     1.0    -6.0   40.0
   51     3.0    -6.0   40.0
   52     5.0    -6.0   40.0
   53     7.0    -6.0   40.0
   54     9.0    -6.0   40.0
   55   -10.0    -5.0   40.0
   56    -8.0    -5.0   40.0
   57    -6.0    -5.0   40.0
   58    -4.0    -5.0   40.0
   59    -2.0    -5.0   40.0
   60     0.0    -5.0   40.0
   61     2.0    -5.0   30.0
   62     4.0    -5.0   30.0
   63     6.0    -5.0   30.0
   64     8.0    -5.0   30.0
   65    10.0    -5.0   30.0
   66   -11.0    -4.0   30.0
   67    -9.0    -4.0   30.0
   68    -7.0    -4.0   30.0
   69    -5.0    -4.0   30.0
   70    -3.0    -4.0   30.0
   71    -1.0    -4.0   30.0
   72     1.0    -4.0   30.0
   73     3.0    -4.0   30.0
   74     5.0    -4.0   30.0
   75     7.0    -4.0   30.0
   76     9.0    -4.0   30.0
   77    11.0    -4.0   30.0
   78   -12.0    -3.0   30.0
   79   -10.0    -3.0   30.0
   80    -8.0    -3.0   30.0
   81    -6.0    -3.0   30.0
   82    -4.0    -3.0   30.0
   83    -2.0    -3.0   30.0
   84     0.0    -3.0   30.0
   85     2.0    -3.0   30.0
   86     4.0    -3.0   30.0
   87     6.0    -3.0   30.0
   88     8.0    -3.0   30.0
   89    10.0    -3.0   30.0
   90    12.0    -3.0   30.0
   91   -13.0    -2.0   30.0
   92   -11.0    -2.0   30.0
   93    -9.0    -2.0   30.0
   94    -7.0    -2.0   30.0
   95    -5.0    -2.0   30.0
   96    -3.0    -2.0   30.0
   97    -1.0    -2.0   21.0
   98     1.0    -2.0   21.0
   99     3.0    -2.0   21.0
  100     5.0    -2.0   21.0
  101     7.0    -2.0   21.0
  102     9.0    -2.0   21.0
  103    11.0    -2.0   21.0
  104    13.0    -2.0   21.0
  105   -14.0    -1.0   21.0
  106   -12.0    -1.0   21.0
  107   -10.0    -1.0   21.0
  108    -8.0    -1.0   21.0
  109    -6.0    -1.0   21.0
  110    -4.0    -1.0   21.0
  111    -2.0    -1.0   21.0
  112     0.0    -1.0   21.0
  113     2.0    -1.0   21.0
  114     4.0    -1.0   21.0
  115     6.0    -1.0   21.0
  116     8.0    -1.0   21.0
  117    10.0    -1.0   21.0
  118    12.0    -1.0   21.0
  119    14.0    -1.0   21.0
  120   -15.0     0.0   21.0
  121   -13.0     0.0   21.0
  122   -11.0     0.0   21.0
  123    -9.0     0.0   21.0
  124    -7.0     0.0   21.0
  125    -5.0     0.0   21.0
  126    -3.0     0.0   21.0
  127    -1.0     0.0   21.0
  128     1.0     0.0   21.0
  129     3.0     0.0   21.0
  130     5.0     0.0   21.0
  131     7.0     0.0   21.0
  132     9.0     0.0   21.0
  133    11.0     0.0   21.0
  134    13.0     0.0   21.0
  135    15.0     0.0   21.0
  136   -14.0     1.0   21.0
  137   -12.0     1.0   21.0
  138   -10.0     1.0   21.0
  139    -8.0     1.0   21.0
  140    -6.0     1.0   21.0
  141    -4.0     1.0   15.0
  142    -2.0     1.0   15.0
  143     0.0     1.0   15.0
  144     2.0     1.0   15.0
  145     4.0     1.0   15.0
  146     6.0     1.0   15.0
  147     8.0     1.0   15.0
  148    10.0     1.0   15.0
  149    12.0     1.0   15.0
  150    14.0     1.0   15.0
  151   -13.0     2.0   15.0
  152   -11.0     2.0   15.0
  153    -9.0     2.0   15.0
  154    -7.0     2.0   15.0
  155    -5.0     2.0   15.0
  156    -3.0     2.0   15.0
  157    -1.0     2.0   15.0
  158     1.0     2.0   15.0
  159     3.0     2.0   15.0
  160     5.0     2.0   15.0
  161     7.0     2.0   15.0
  162     9.0     2.0   15.0
  163    11.0     2.0   15.0
  164    13.0     2.0   15.0
  165   -12.0     3.0   15.0
  166   -10.0     3.0   15.0
  167    -8.0     3.0   15.0
  168    -6.0     3.0   15.0
  169    -4.0     3.0   15.0
  170    -2.0     3.0   15.0
  171     0.0     3.0   15.0
  172     2.0     3.0   15.0
  173     4.0     3.0   15.0
  174     6.0     3.0   15.0
  175     8.0     3.0   15.0
  176    10.0     3.0   15.0
  177    12.0     3.0   15.0
  178   -11.0     4.0   15.0
  179    -9.0     4.0   15.0
  180    -7.0     4.0   15.0
  181    -5.0     4.0   15.0
  182    -3.0     4.0   15.0
  183    -1.0     4.0   15.0
  184     1.0     4.0   15.0
  185     3.0     4.0   15.0
  186     5.0     4.0   15.0
  187     7.0     4.0   15.0
  188     9.0     4.0   15.0
  189    11.0     4.0   15.0
  190   -10.0     5.0   15.0
  191    -8.0     5.0   15.0
  192    -6.0     5.0   15.0
  193    -4.0     5.0   10.0
  194    -2.0     5.0   10.0
  195     0.0     5.0   10.0
  196     2.0     5.0   10.0
  197     4.0     5.0   10.0
  198     6.0     5.0   10.0
  199     8.0     5.0   10.0
  200    10.0     5.0   10.0
  201    -9.0     6.0   10.0
  202    -7.0     6.0   10.0
  203    -5.0     6.0   10.0
  204    -3.0     6.0   10.0
  205    -1.0     6.0   10.0
  206     1.0     6.0   10.0
  207     3.0     6.0   10.0
  208     5.0     6.0   10.0
  209     7.0     6.0   10.0
  210     9.0     6.0   10.0
  211    -8.0     7.0   10.0
  212    -6.0     7.0   10.0
  213    -4.0     7.0   10.0
  214    -2.0     7.0   10.0
  215     0.0     7.0   10.0
  216     2.0     7.0   10.0
  217     4.0     7.0   10.0
  218     6.0     7.0   10.0
  219     8.0     7.0   10.0
  220    -7.0     8.0   10.0
  221    -5.0     8.0   10.0
  222    -3.0     8.0   10.0
  223    -1.0     8.0   10.0
  224     1.0     8.0   10.0
  225     3.0     8.0   10.0
  226     5.0     8.0   10.0
  227     7.0     8.0   10.0
  228    -6.0     9.0   10.0
  229    -4.0     9.0   10.0
  230    -2.0     9.0   10.0
  231     0.0     9.0   10.0
  232     2.0     9.0   10.0
  233     4.0     9.0   10.0
  234     6.0     9.0   10.0
  235    -5.0    10.0   10.0
  236    -3.0    10.0   10.0
  237    -1.0    10.0   10.0
  238     1.0    10.0   10.0
  239     3.0    10.0   10.0
  240     5.0    10.0   10.0
  241    -4.0    11.0   10.0
  242    -2.0    11.0   10.0
  243     0.0    11.0   10.0
  244     2.0    11.0   10.0
  245     4.0    11.0   10.0
  246    -3.0    12.0   10.0
  247    -1.0    12.0   10.0
  248     1.0    12.0   10.0
  249     3.0    12.0   10.0
  250    -2.0    13.0   10.0
  251     0.0    13.0   10.0
  252     2.0    13.0   10.0
  253    -1.0    14.0   10.0
  254     1.0    14.0   10.0
  255     0.0    15.0   10.0
Node - number of items - height and weight for each item
   0   0
   1   1    3   50
   2   1    2   50
   3   1    3   50
   4   1    3   50
   5   1    4   50
   6   1    4   50
   7   1    4   50
   8   1    2   50
   9   1    3   50
  10   1    4   50
  11   1    2   50
  12   1    2   50
  13   1    4   25
  14   1    3   25
  15   1    3   25
  16   1    4   25
  17   1    1   25
  18   1    2   25
  19   1    2   25
  20   1    3   25
  21   1    2   25
  22   1    2   25
  23   1    4   25
  24   1    3   25
  25   1    4   25
  26   1    3   25
  27   1    4   25
  28   1    2   25
  29   1    3   25
  30   1    2   25
  31   1    2   25
  32   1    4   25
  33   1    4   40
  34   1    1   40
  35   1    4   40
  36   1    1   40
  37   1    4   40
  38   1    3   40
  39   1    4   40
  40   1    4   40
  41   1    3   40
  42   1    4   40
  43   1    4   40
  44   1    2   40
  45   1    3   40
  46   1    2   40
  47   1    4   40
  48   1    1   40
  49   1    1   40
  50   1    1   40
  51   1    4   40
  52   1    3   40
  53   1    4   40
  54   1    4   40
  55   1    2   40
  56   1    2   40
  57   1    3   40
  58   1    4   40
  59   1    4   40
  60   1    4   40
  61   1    1   30
  62   1    4   30
  63   1    1   30
  64   1    2   30
  65   1    3   30
  66   1    2   30
  67   1    4   30
  68   1    1   30
  69   1    2   30
  70   1    1   30
  71   1    1   30
  72   1    1   30
  73   1    2   30
  74   1    4   30
  75   1    1   30
  76   1    2   30
  77   1    2   30
  78   1    1   30
  79   1    4   30
  80   1    3   30
  81   1    1   30
  82   1    2   30
  83   1    1   30
  84   1    1   30
  85   1    4   30
  86   1    4   30
  87   1    4   30
  88   1    4   30
  89   1    4   30
  90   1    4   30
  91   1    2   30
  92   1    3   30
  93   1    3   30
  94   1    3   30
  95   1    2   30
  96   1    2   30
  97   1    2   21
  98   1    4   21
  99   1    3   21
 100   1    3   21
 101   1    2   21
 102   1    1   21
 103   1    3   21
 104   1    2   21
 105   1    4   21
 106   1    3   21
 107   1    2   21
 108   1    2   21
 109   1    1   21
 110   1    2   21
 111   1    2   21
 112   1    3   21
 113   1    1   21
 114   1    4   21
 115   1    1   21
 116   1    1   21
 117   1    2   21
 118   1    3   21
 119   1    3   21
 120   1    4   21
 121   1    1   21
 122   1    4   21
 123   1    1   21
 124   1    2   21
 125   1    1   21
 126   1    3   21
 127   1    2   21
 128   1    3   21
 129   1    3   21
 130   1    4   21
 131   1    2   21
 132   1    3   21
 133   1    4   21
 134   1    4   21
 135   1    1   21
 136   1    1   21
 137   1    4   21
 138   1    1   21
 139   1    1   21
 140   1    2   21
 141   1    3   15
 142   1    2   15
 143   1    2   15
 144   1    3   15
 145   1    3   15
 146   1    3   15
 147   1    4   15
 148   1    3   15
 149   1    2   15
 150   1    4   15
 151   1    2   15
 152   1    4   15
 153   1    4   15
 154   1    3   15
 155   1    2   15
 156   1    1   15
 157   1    2   15
 158   1    3   15
 159   1    1   15
 160   1    4   15
 161   1    4   15
 162   1    2   15
 163   1    4   15
 164   1    2   15
 165   1    4   15
 166   1    2   15
 167   1    3   15
 168   1    3   15
 169   1    4   15
 170   1    3   15
 171   1    1   15
 172   1    2   15
 173   1    2   15
 174   1    4   15
 175   1    4   15
 176   1    4   15
 177   1    1   15
 178   1    1   15
 179   1    3   15
 180   1    4   15
 181   1    3   15
 182   1    3   15
 183   1    1   15
 184   1    3   15
 185   1    2   15
 186   1    2   15
 187   1    4   15
 188   1    4   15
 189   1    3   15
 190   1    3   15
 191   1    1   15
 192   1    3   15
 193   1    1   10
 194   1    1   10
 195   1    2   10
 196   1    2   10
 197   1    1   10
 198   1    2   10
 199   1    1   10
 200   1    1   10
 201   1    2   10
 202   1    1   10
 203   1    3   10
 204   1    2   10
 205   1    4   10
 206   1    2   10
 207   1    1   10
 208   1    3   10
 209   1    1   10
 210   1    3   10
 211   1    1   10
 212   1    2   10
 213   1    3   10
 214   1    2   10
 215   1    4   10
 216   1    1   10
 217   1    2   10
 218   1    1   10
 219   1    3   10
 220   1    4   10
 221   1    4   10
 222   1    4   10
 223   1    4   10
 224   1    3   10
 225   1    4   10
 226   1    1   10
 227   1    2   10
 228   1    4   10
 229   1    1   10
 230   1    4   10
 231   1    4   10
 232   1    1   10
 233   1    3   10
 234   1    2   10
 235   1    1   10
 236   1    2   10
 237   1    2   10
 238   1    4   10
 239   1    4   10
 240   1    2   10
 241   1    1   10
 242   1    4   10
 243   1    2   10
 244   1    2   10
 245   1    4   10
 246   1    3   10
 247   1    4   10
 248   1    2   10
 249   1    2   10
 250   1    3   10
 251   1    3   10
 252   1    3   10
 253   1    1   10
 254   1    2   10
 255   1    1   10
