Instance: E135-07f.dat
Class:  2
  134 --- number of customers (no depot)
   24 --- number of vehicles
    8 --- number of stacks on the vehicle
  197 --- number of items
Capacity of the vehicle - height of each stacks
    900    10
Node - x - y - demand
    0    -6.0    15.0    0.0
    1     3.2     5.1   46.0
    2    24.6     8.3   94.0
    3    23.3     1.3   70.0
    4    27.8     8.3   75.0
    5    29.0     8.0   58.0
    6    31.0     8.0   99.0
    7    33.5    10.5   92.0
    8    30.0    10.5   83.0
    9    29.0    10.0  112.0
   10    26.5    11.7  106.0
   11    28.3    14.3   62.0
   12    27.0    14.3   17.0
   13    23.5    19.0  100.0
   14    26.0    20.0   50.0
   15    25.0    20.0  100.0
   16    20.5    19.0   83.0
   17   -20.0    13.0   81.0
   18   -21.0    14.0   96.0
   19   -30.0    30.0   92.0
   20    -5.0    30.0   61.0
   21     1.3    17.8   19.0
   22     1.8    13.8   87.0
   23     1.8    13.1   34.0
   24     2.0    13.6   32.0
   25     4.8    17.0   50.0
   26     7.0    15.0   62.0
   27     9.8    16.6   25.0
   28    11.4    14.5   90.0
   29    14.4    11.3  102.0
   30    11.0    12.0   61.0
   31     9.3    10.7   62.0
   32     0.6     2.8   83.0
   33   -30.0   -10.0   77.0
   34     2.0     0.0   57.0
   35    14.5     1.0   66.0
   36    15.0     1.8  105.0
   37    17.2     2.4   61.0
   38    17.2     4.2   59.0
   39    18.2     4.4   89.0
   40    20.3     2.1   87.0
   41    22.8     3.1  109.0
   42    23.0     4.0  100.0
   43    20.8     4.0   86.0
   44    20.8     4.0   95.0
   45    18.5     6.4   91.0
   46   -14.0    16.0   77.0
   47    -0.5     6.9   89.0
   48     3.2     2.8   87.0
   49     5.6     1.8  113.0
   50     8.7     2.8   95.0
   51     9.0     3.3   99.0
   52     9.0     3.5   92.0
   53    11.2     3.3  118.0
   54    10.8     4.7   73.0
   55    11.5     4.6   99.0
   56    12.3     4.7   18.0
   57    12.3     5.5   17.0
   58    11.2     6.9   14.0
   59     6.5     9.7   11.0
   60     5.8     8.5   17.0
   61     7.2     6.0   16.0
   62     7.2     4.0   10.0
   63    -4.0    -4.0   12.0
   64    -3.0     1.2   11.0
   65   -40.0    49.0   10.0
   66   -15.0    10.0   18.0
   67   -11.0   -10.0   17.0
   68   -25.0   -20.0   19.0
   69   -25.0   -35.0   44.0
   70   -24.0   -35.0   52.0
   71   -18.0    10.0   47.0
   72    -2.0    10.0   99.0
   73    -4.0     8.0  102.0
   74    -3.0     5.0   95.0
   75     2.1     6.2   91.0
   76    -1.7     3.0  104.0
   77    -3.0     2.0  104.0
   78    -7.0     0.0   90.0
   79    -3.0    -6.0  100.0
   80   -30.0   -11.0   94.0
   81   -62.0   -10.0   92.0
   82    -8.0    30.0   95.0
   83     1.0    60.0   95.0
   84    10.0    52.0  104.0
   85    10.0    52.0   90.0
   86    10.0    51.0  103.0
   87    16.0    29.0  102.0
   88    26.0    21.0  103.0
   89    16.0    21.0  117.0
   90    15.5    19.2  114.0
   91     0.0    16.5  108.0
   92    17.2    14.3  107.0
   93    16.5     7.8  115.0
   94    16.9     7.7  113.0
   95    18.0     2.0  102.0
   96    16.2     4.0   17.0
   97    15.0     4.0   16.0
   98    15.0     3.0   17.0
   99    14.8     2.4   22.0
  100    14.5     3.0   17.0
  101    13.0     2.6   13.0
  102    11.8     3.0   45.0
  103    12.0     4.0   10.0
  104    12.8     3.6   75.0
  105    13.4     5.5   11.0
  106  -150.0     8.0    6.0
  107  -152.0     1.0   24.0
  108  -152.0     0.0   25.0
  109  -142.0   -31.0   67.0
  110   -78.0   -19.0   22.0
  111   -78.0   -18.0   40.0
  112   -78.0   -17.0   57.0
  113   -80.0   -14.0   99.0
  114  -118.0    22.0   40.0
  115  -107.0    30.0  100.0
  116   -85.0    14.0  111.0
  117   -78.0    15.0  113.0
  118   -15.0    16.0  111.0
  119   -62.0    32.0  112.0
  120  -120.0   -20.0  101.0
  121   -90.0   -22.0  110.0
  122   -79.0   -19.0  119.0
  123   -79.0   -18.5  117.0
  124   -79.0   -18.0   94.0
  125   -78.0   -17.5  118.0
  126   -79.0   -17.0  113.0
  127   -80.0   -17.0   98.0
  128   -80.0   -16.0   91.0
  129   -80.0   -15.0   92.0
  130   -48.0    37.0  119.0
  131   -85.0    15.0   96.0
  132   -62.0    -9.0  115.0
  133   -15.0    -4.0  112.0
  134    -1.0     3.2   93.0
Node - number of items - height and weight for each item
   0   0
   1   1    3   46
   2   2    2   42    1   52
   3   2    2   31    3   39
   4   2    2   33    3   42
   5   2    2   26    3   32
   6   1    1   99
   7   2    4   41    2   51
   8   2    4   37    1   46
   9   1    1  112
  10   2    1   47    3   59
  11   1    1   62
  12   1    1   17
  13   2    3   45    3   55
  14   1    4   50
  15   2    1   45    3   55
  16   1    4   83
  17   2    1   36    2   45
  18   1    1   96
  19   2    1   41    2   51
  20   2    3   27    3   34
  21   2    3    8    3   11
  22   1    1   87
  23   1    1   34
  24   1    3   32
  25   2    2   22    3   28
  26   1    3   62
  27   2    1   11    1   14
  28   2    2   40    2   50
  29   2    3   45    3   57
  30   2    3   27    2   34
  31   2    2   27    3   35
  32   2    3   37    2   46
  33   2    4   34    1   43
  34   2    3   25    4   32
  35   2    1   29    2   37
  36   1    4  105
  37   2    2   27    1   34
  38   2    2   26    3   33
  39   1    1   89
  40   1    2   87
  41   1    4  109
  42   2    4   45    2   55
  43   2    2   38    2   48
  44   2    4   42    2   53
  45   1    1   91
  46   1    1   77
  47   1    2   89
  48   1    2   87
  49   1    4  113
  50   2    3   42    4   53
  51   1    2   99
  52   1    4   92
  53   1    3  118
  54   1    1   73
  55   1    2   99
  56   1    4   18
  57   1    2   17
  58   1    1   14
  59   1    3   11
  60   1    4   17
  61   1    3   16
  62   1    3   10
  63   1    3   12
  64   2    4    4    4    7
  65   1    2   10
  66   2    3    8    1   10
  67   2    3    7    3   10
  68   2    3    8    2   11
  69   1    1   44
  70   1    2   52
  71   1    3   47
  72   2    1   44    2   55
  73   1    3  102
  74   1    1   95
  75   1    3   91
  76   1    1  104
  77   2    3   46    4   58
  78   2    1   40    3   50
  79   1    3  100
  80   1    3   94
  81   2    1   41    2   51
  82   1    4   95
  83   1    4   95
  84   1    4  104
  85   2    2   40    4   50
  86   1    3  103
  87   1    1  102
  88   2    4   46    4   57
  89   1    1  117
  90   2    2   51    1   63
  91   1    2  108
  92   2    2   48    2   59
  93   1    1  115
  94   1    4  113
  95   1    3  102
  96   2    3    7    4   10
  97   1    2   16
  98   1    4   17
  99   1    4   22
 100   2    1    7    1   10
 101   2    1    5    1    8
 102   1    1   45
 103   1    4   10
 104   2    2   33    2   42
 105   2    2    4    4    7
 106   2    4    2    1    4
 107   1    1   24
 108   1    2   25
 109   2    2   30    4   37
 110   2    1    9    4   13
 111   2    4   18    3   22
 112   2    2   25    4   32
 113   2    3   44    1   55
 114   1    4   40
 115   1    3  100
 116   1    1  111
 117   2    1   50    3   63
 118   1    2  111
 119   2    2   50    3   62
 120   2    2   45    1   56
 121   2    3   49    4   61
 122   1    2  119
 123   1    1  117
 124   1    2   94
 125   1    2  118
 126   2    2   50    4   63
 127   2    2   44    4   54
 128   2    2   40    2   51
 129   1    4   92
 130   2    1   53    4   66
 131   2    2   43    3   53
 132   2    3   51    1   64
 133   1    1  112
 134   1    4   93
