Instance: E200-17b.dat
Class:  4
  199 --- number of customers (no depot)
   39 --- number of vehicles
    8 --- number of stacks on the vehicle
  497 --- number of items
Capacity of the vehicle - height of each stacks
    900    10
Node - x - y - demand
    0    35.0    35.0     0.0
    1    41.0    49.0    10.0
    2    35.0    17.0     7.0
    3    55.0    45.0    13.0
    4    55.0    20.0    19.0
    5    15.0    30.0    26.0
    6    25.0    30.0     3.0
    7    20.0    50.0     5.0
    8    10.0    43.0     9.0
    9    55.0    60.0    16.0
   10    30.0    60.0    16.0
   11    20.0    65.0    12.0
   12    50.0    35.0    19.0
   13    30.0    25.0    23.0
   14    15.0    10.0    20.0
   15    30.0     5.0     8.0
   16    10.0    20.0    19.0
   17     5.0    30.0     2.0
   18    20.0    40.0    12.0
   19    15.0    60.0    17.0
   20    45.0    65.0     9.0
   21    45.0    20.0    11.0
   22    45.0    10.0    18.0
   23    55.0     5.0    29.0
   24    65.0    35.0     3.0
   25    65.0    20.0     6.0
   26    45.0    30.0    17.0
   27    35.0    40.0    16.0
   28    41.0    37.0    16.0
   29    64.0    42.0     9.0
   30    40.0    60.0    21.0
   31    31.0    52.0    27.0
   32    35.0    69.0    23.0
   33    53.0    52.0    11.0
   34    65.0    55.0    14.0
   35    63.0    65.0     8.0
   36     2.0    60.0     5.0
   37    20.0    20.0     8.0
   38     5.0     5.0    16.0
   39    60.0    12.0    31.0
   40    40.0    25.0     9.0
   41    42.0     7.0     5.0
   42    24.0    12.0     5.0
   43    23.0     3.0     7.0
   44    11.0    14.0    18.0
   45     6.0    38.0    16.0
   46     2.0    48.0     1.0
   47     8.0    56.0    27.0
   48    13.0    52.0    36.0
   49     6.0    68.0    30.0
   50    47.0    47.0    13.0
   51    49.0    58.0    10.0
   52    27.0    43.0     9.0
   53    37.0    31.0    14.0
   54    57.0    29.0    18.0
   55    63.0    23.0     2.0
   56    53.0    12.0     6.0
   57    32.0    12.0     7.0
   58    36.0    26.0    18.0
   59    21.0    24.0    28.0
   60    17.0    34.0     3.0
   61    12.0    24.0    13.0
   62    24.0    58.0    19.0
   63    27.0    69.0    10.0
   64    15.0    77.0     9.0
   65    62.0    77.0    20.0
   66    49.0    73.0    25.0
   67    67.0     5.0    25.0
   68    56.0    39.0    36.0
   69    37.0    47.0     6.0
   70    37.0    56.0     5.0
   71    57.0    68.0    15.0
   72    47.0    16.0    25.0
   73    44.0    17.0     9.0
   74    46.0    13.0     8.0
   75    49.0    11.0    18.0
   76    49.0    42.0    13.0
   77    53.0    43.0    14.0
   78    61.0    52.0     3.0
   79    57.0    48.0    23.0
   80    56.0    37.0     6.0
   81    55.0    54.0    26.0
   82    15.0    47.0    16.0
   83    14.0    37.0    11.0
   84    11.0    31.0     7.0
   85    16.0    22.0    41.0
   86     4.0    18.0    35.0
   87    28.0    18.0    26.0
   88    26.0    52.0     9.0
   89    26.0    35.0    15.0
   90    31.0    67.0     3.0
   91    15.0    19.0     1.0
   92    22.0    22.0     2.0
   93    18.0    24.0    22.0
   94    26.0    27.0    27.0
   95    25.0    24.0    20.0
   96    22.0    27.0    11.0
   97    25.0    21.0    12.0
   98    19.0    21.0    10.0
   99    20.0    26.0     9.0
  100    18.0    18.0    17.0
  101    37.0    52.0     7.0
  102    49.0    49.0    30.0
  103    52.0    64.0    16.0
  104    20.0    26.0     9.0
  105    40.0    30.0    21.0
  106    21.0    47.0    15.0
  107    17.0    63.0    19.0
  108    31.0    62.0    23.0
  109    52.0    33.0    11.0
  110    51.0    21.0     5.0
  111    42.0    41.0    19.0
  112    31.0    32.0    29.0
  113     5.0    25.0    23.0
  114    12.0    42.0    21.0
  115    36.0    16.0    10.0
  116    52.0    41.0    15.0
  117    27.0    23.0     3.0
  118    17.0    33.0    41.0
  119    13.0    13.0     9.0
  120    57.0    58.0    28.0
  121    62.0    42.0     8.0
  122    42.0    57.0     8.0
  123    16.0    57.0    16.0
  124     8.0    52.0    10.0
  125     7.0    38.0    28.0
  126    27.0    68.0     7.0
  127    30.0    48.0    15.0
  128    43.0    67.0    14.0
  129    58.0    48.0     6.0
  130    58.0    27.0    19.0
  131    37.0    69.0    11.0
  132    38.0    46.0    12.0
  133    46.0    10.0    23.0
  134    61.0    33.0    26.0
  135    62.0    63.0    17.0
  136    63.0    69.0     6.0
  137    32.0    22.0     9.0
  138    45.0    35.0    15.0
  139    59.0    15.0    14.0
  140     5.0     6.0     7.0
  141    10.0    17.0    27.0
  142    21.0    10.0    13.0
  143     5.0    64.0    11.0
  144    30.0    15.0    16.0
  145    39.0    10.0    10.0
  146    32.0    39.0     5.0
  147    25.0    32.0    25.0
  148    25.0    55.0    17.0
  149    48.0    28.0    18.0
  150    56.0    37.0    10.0
  151    22.0    22.0    18.0
  152    36.0    26.0    26.0
  153    21.0    45.0    11.0
  154    45.0    35.0    30.0
  155    55.0    20.0    21.0
  156    33.0    34.0    19.0
  157    50.0    50.0    15.0
  158    55.0    45.0    16.0
  159    26.0    59.0    29.0
  160    40.0    66.0    26.0
  161    55.0    65.0    37.0
  162    35.0    51.0    16.0
  163    62.0    35.0    12.0
  164    62.0    57.0    31.0
  165    62.0    24.0     8.0
  166    21.0    36.0    19.0
  167    33.0    44.0    20.0
  168     9.0    56.0    13.0
  169    62.0    48.0    15.0
  170    66.0    14.0    22.0
  171    44.0    13.0    28.0
  172    26.0    13.0    12.0
  173    11.0    28.0     6.0
  174     7.0    43.0    27.0
  175    17.0    64.0    14.0
  176    41.0    46.0    18.0
  177    55.0    34.0    17.0
  178    35.0    16.0    29.0
  179    52.0    26.0    13.0
  180    43.0    26.0    22.0
  181    31.0    76.0    25.0
  182    22.0    53.0    28.0
  183    26.0    29.0    27.0
  184    50.0    40.0    19.0
  185    55.0    50.0    10.0
  186    54.0    10.0    12.0
  187    60.0    15.0    14.0
  188    47.0    66.0    24.0
  189    30.0    60.0    16.0
  190    30.0    50.0    33.0
  191    12.0    17.0    15.0
  192    15.0    14.0    11.0
  193    16.0    19.0    18.0
  194    21.0    48.0    17.0
  195    50.0    30.0    21.0
  196    51.0    42.0    27.0
  197    50.0    15.0    19.0
  198    48.0    21.0    20.0
  199    12.0    38.0     5.0
Node - number of items - height and weight for each item
   0   0
   1   2    3    5    4    5
   2   4    2    1    3    1    4    1    4    4
   3   2    1    6    2    7
   4   3    1    5    1    5    1    9
   5   4    2    6    3    6    1    6    2    8
   6   1    4    3
   7   1    1    5
   8   3    3    2    2    2    3    5
   9   2    4    8    1    8
  10   1    3   16
  11   2    4    6    2    6
  12   1    3   19
  13   1    1   23
  14   2    4   10    1   10
  15   4    3    2    4    2    3    2    2    2
  16   4    3    4    3    4    3    4    1    7
  17   1    4    2
  18   1    2   12
  19   4    2    4    3    4    4    4    2    5
  20   2    1    4    1    5
  21   1    3   11
  22   2    3    9    1    9
  23   4    2    7    1    7    2    7    2    8
  24   1    4    3
  25   1    3    6
  26   4    4    4    2    4    3    4    2    5
  27   1    1   16
  28   4    3    4    3    4    4    4    1    4
  29   2    4    4    3    5
  30   2    2   10    4   11
  31   4    4    6    1    6    1    6    4    9
  32   4    4    5    4    5    2    5    4    8
  33   1    2   11
  34   3    4    4    3    4    3    6
  35   2    3    4    4    4
  36   1    3    5
  37   4    2    2    3    2    2    2    2    2
  38   2    1    8    1    8
  39   2    3   15    3   16
  40   1    3    9
  41   1    4    5
  42   1    4    5
  43   2    3    3    1    4
  44   2    4    9    4    9
  45   4    1    4    1    4    2    4    3    4
  46   1    4    1
  47   2    4   13    3   14
  48   1    4   36
  49   3    1    9    4    9    2   12
  50   4    2    3    3    3    1    3    4    4
  51   2    4    5    1    5
  52   3    2    2    3    2    2    5
  53   2    2    7    4    7
  54   1    3   18
  55   1    2    2
  56   1    3    6
  57   3    3    2    4    2    2    3
  58   3    2    5    4    5    4    8
  59   2    4   14    4   14
  60   1    2    3
  61   4    4    3    3    3    3    3    3    4
  62   4    4    4    4    4    2    4    2    7
  63   2    4    5    1    5
  64   2    3    4    3    5
  65   4    4    5    1    5    3    5    2    5
  66   2    1   12    1   13
  67   3    3    7    3    7    1   11
  68   3    4   10    4   10    1   16
  69   1    3    6
  70   1    1    5
  71   2    3    7    2    8
  72   2    3   12    4   13
  73   2    3    4    3    5
  74   4    3    2    2    2    4    2    4    2
  75   1    3   18
  76   2    3    6    2    7
  77   1    2   14
  78   1    1    3
  79   4    1    5    1    5    3    5    1    8
  80   1    3    6
  81   2    2   13    2   13
  82   2    3    8    1    8
  83   2    1    5    3    6
  84   2    2    3    2    4
  85   2    4   20    1   21
  86   4    4    8    3    8    4    8    2   11
  87   2    2   13    2   13
  88   3    3    2    3    2    2    5
  89   3    3    4    2    4    1    7
  90   1    3    3
  91   1    1    1
  92   1    4    2
  93   1    4   22
  94   2    1   13    1   14
  95   3    2    6    2    6    4    8
  96   4    2    2    4    2    1    2    1    5
  97   2    4    6    4    6
  98   2    4    5    3    5
  99   2    2    4    2    5
 100   3    3    5    4    5    2    7
 101   4    4    1    2    1    1    1    1    4
 102   3    2    9    4    9    1   12
 103   2    2    8    4    8
 104   2    4    4    4    5
 105   3    3    6    3    6    3    9
 106   4    3    3    1    3    2    3    3    6
 107   2    4    9    3   10
 108   4    2    5    4    5    4    5    2    8
 109   3    4    3    2    3    3    5
 110   1    3    5
 111   2    1    9    2   10
 112   1    3   29
 113   1    1   23
 114   3    2    6    4    6    3    9
 115   3    1    3    2    3    4    4
 116   3    2    4    4    4    4    7
 117   1    3    3
 118   1    4   41
 119   3    4    2    1    2    4    5
 120   1    4   28
 121   1    1    8
 122   1    1    8
 123   2    4    8    2    8
 124   3    1    3    1    3    3    4
 125   1    4   28
 126   4    2    1    2    1    4    1    4    4
 127   1    2   15
 128   4    3    3    3    3    4    3    1    5
 129   1    4    6
 130   2    1    9    4   10
 131   4    3    2    1    2    4    2    3    5
 132   1    4   12
 133   1    1   23
 134   3    3    7    4    7    4   12
 135   4    1    4    3    4    3    4    2    5
 136   1    4    6
 137   2    3    4    1    5
 138   4    4    3    4    3    2    3    4    6
 139   3    4    4    4    4    4    6
 140   3    2    2    1    2    3    3
 141   1    2   27
 142   1    3   13
 143   1    1   11
 144   3    1    4    1    4    1    8
 145   4    2    2    1    2    3    2    4    4
 146   1    2    5
 147   4    3    6    4    6    3    6    3    7
 148   2    3    8    4    9
 149   1    1   18
 150   4    3    2    1    2    2    2    3    4
 151   4    1    4    2    4    4    4    4    6
 152   2    4   13    3   13
 153   2    4    5    2    6
 154   4    3    7    1    7    3    7    1    9
 155   3    1    6    1    6    3    9
 156   3    2    5    2    5    1    9
 157   2    3    7    2    8
 158   3    2    4    2    4    1    8
 159   2    3   14    2   15
 160   2    3   13    3   13
 161   2    1   18    4   19
 162   2    2    8    3    8
 163   2    4    6    3    6
 164   1    1   31
 165   2    3    4    2    4
 166   1    3   19
 167   1    4   20
 168   2    1    6    4    7
 169   3    1    4    1    4    2    7
 170   3    2    6    2    6    4   10
 171   4    1    7    2    7    4    7    4    7
 172   2    2    6    1    6
 173   1    1    6
 174   4    2    6    3    6    4    6    4    9
 175   2    1    7    4    7
 176   3    4    5    2    5    1    8
 177   4    2    4    1    4    2    4    4    5
 178   2    1   14    4   15
 179   4    4    3    2    3    2    3    3    4
 180   2    2   11    3   11
 181   2    2   12    1   13
 182   2    2   14    2   14
 183   3    1    8    2    8    2   11
 184   4    4    4    1    4    4    4    2    7
 185   1    3   10
 186   3    3    3    3    3    2    6
 187   4    1    3    2    3    2    3    4    5
 188   1    4   24
 189   2    1    8    2    8
 190   4    2    8    2    8    3    8    2    9
 191   1    3   15
 192   1    4   11
 193   2    1    9    4    9
 194   1    2   17
 195   4    3    5    4    5    3    5    3    6
 196   3    3    8    4    8    2   11
 197   2    3    9    4   10
 198   1    4   20
 199   1    3    5
