Instance: E030-04s.DAT
Class:  2
   29 --- number of customers (no depot)
    6 --- number of vehicles
    8 --- number of stacks on the vehicle
   43 --- number of items
Capacity of the vehicle - height of each stacks
    900    10
Node - x - y - demand
    0   162.0   354.0    0.0
    1   218.0   382.0   74.0
    2   218.0   358.0   78.0
    3   201.0   370.0   51.0
    4   214.0   371.0   53.0
    5   224.0   370.0   70.0
    6   210.0   382.0   72.0
    7   104.0   354.0   41.0
    8   126.0   338.0   66.0
    9   119.0   340.0   33.0
   10   129.0   349.0   72.0
   11   126.0   347.0   35.0
   12   125.0   346.0   22.0
   13   116.0   355.0   11.0
   14   126.0   335.0   43.0
   15   125.0   355.0   28.0
   16   119.0   357.0   41.0
   17   115.0   341.0   19.0
   18   153.0   351.0   44.0
   19   175.0   363.0   32.0
   20   180.0   360.0   39.0
   21   159.0   331.0   40.0
   22   188.0   357.0   51.0
   23   152.0   349.0   42.0
   24   215.0   389.0   82.0
   25   212.0   394.0   76.0
   26   188.0   393.0   78.0
   27   207.0   406.0   70.0
   28   184.0   410.0   70.0
   29   207.0   392.0   81.0
Node - number of items - height and weight for each item
   0   0
   1   1    1   74
   2   1    2   78
   3   2    3   22    1   29
   4   1    4   53
   5   1    1   70
   6   1    3   72
   7   1    4   41
   8   2    3   29    2   37
   9   1    4   33
  10   1    1   72
  11   2    3   15    4   20
  12   2    4    9    2   13
  13   2    2    4    2    7
  14   2    4   19    1   24
  15   2    3   12    4   16
  16   1    3   41
  17   2    3    8    1   11
  18   2    4   19    1   25
  19   1    4   32
  20   1    4   39
  21   1    4   40
  22   2    3   22    1   29
  23   1    4   42
  24   1    3   82
  25   2    2   34    1   42
  26   2    1   35    3   43
  27   1    4   70
  28   2    4   31    1   39
  29   2    2   36    4   45
