Instance: E072-04f.dat
Class:  5
   71 --- number of customers (no depot)
   16 --- number of vehicles
    8 --- number of stacks on the vehicle
  226 --- number of items
Capacity of the vehicle - height of each stacks
    900    10
Node - x - y - demand
    0     0.0     0.0    0.0
    1   -12.0    -6.0   91.0
    2   -15.0    -5.0   76.0
    3    -1.0   -18.0   63.0
    4     2.0   -21.0   56.0
    5    -1.0   -17.0   84.0
    6    -9.0   -12.0   90.0
    7     2.0   -22.0  118.0
    8     1.0   -21.0  111.0
    9     7.0   -25.0  119.0
   10    -7.0   -17.0   95.0
   11   -11.0    -5.0   89.0
   12   -14.0    -9.0   25.0
   13   -14.0    -8.0  101.0
   14   -11.0    -2.0   91.0
   15   -14.0    -5.0   32.0
   16   -15.0    -9.0   70.0
   17   -15.0    -8.0   74.0
   18    -9.0    -6.0   94.0
   19   -14.0    -4.0   75.0
   20     3.0     6.0   53.0
   21     5.0     9.0   99.0
   22     5.0    10.0   96.0
   23     2.0     8.0   55.0
   24     1.0     9.0   53.0
   25     1.0    10.0   67.0
   26     2.0     9.0   42.0
   27     6.0    14.0   71.0
   28     5.0    12.0   88.0
   29     3.0     7.0   14.0
   30     4.0     8.0   12.0
   31    -6.0     1.0   41.0
   32    -6.0     2.0   30.0
   33    -8.0    -2.0   86.0
   34    -7.0     2.0  110.0
   35    -7.0    -3.0   43.0
   36    -7.0    -2.0   87.0
   37   -20.0    12.0   88.0
   38   -20.0    13.0   44.0
   39   -12.0    10.0   77.0
   40   -20.0    15.0  109.0
   41    -6.0     8.0   75.0
   42     2.0    21.0  103.0
   43     2.0    22.0   93.0
   44     1.0    21.0   86.0
   45    -1.0    24.0   70.0
   46     1.0    22.0   98.0
   47    -2.0    20.0   89.0
   48    -2.0    21.0  107.0
   49    -4.0    18.0   21.0
   50    -4.0    19.0   12.0
   51    -5.0    18.0   96.0
   52    -5.0    26.0   14.0
   53     1.0    23.0   12.0
   54    -6.0     5.0   34.0
   55    -6.0     6.0   21.0
   56    -9.0     6.0  105.0
   57    -9.0     7.0  108.0
   58   -12.0     5.0  107.0
   59   -12.0     6.0  109.0
   60   -11.0     3.0  105.0
   61   -11.0     4.0  109.0
   62   -14.0     4.0  106.0
   63   -14.0     5.0  106.0
   64   -15.0     4.0  108.0
   65   -15.0     5.0  105.0
   66   -16.0     7.0  102.0
   67   -16.0     8.0  108.0
   68   -15.0    10.0  103.0
   69   -20.0    10.0  109.0
   70    -5.0    19.0  113.0
   71    -9.0   -11.0  113.0
Node - number of items - height and weight for each item
   0   0
   1   5    3   13    3   27    4   18    3   13    4   20
   2   2    2   34    4   42
   3   1    2   63
   4   3    2   16    2   22    4   18
   5   3    1   25    3   33    3   26
   6   1    1   90
   7   4    1   29    4   23    1   41    4   25
   8   5    3   16    2   33    2   22    4   16    3   24
   9   2    2   53    4   66
  10   5    2   14    3   28    3   19    4   14    1   20
  11   3    3   26    1   35    1   28
  12   3    4    7    4   10    4    8
  13   1    3  101
  14   3    1   27    1   36    1   28
  15   3    1    9    4   12    1   11
  16   1    1   70
  17   5    4   11    2   22    2   14    4   11    2   16
  18   5    2   14    2   28    4   18    4   14    1   20
  19   2    3   33    1   42
  20   5    4    7    4   15    4   10    3    7    2   14
  21   3    4   29    3   39    2   31
  22   2    3   43    1   53
  23   3    1   16    1   22    2   17
  24   1    3   53
  25   1    4   67
  26   1    3   42
  27   2    3   31    1   40
  28   5    2   13    1   26    1   17    3   13    2   19
  29   5    4    2    1    4    3    2    4    2    2    4
  30   4    3    3    2    2    1    4    3    3
  31   4    3   10    4    8    4   14    2    9
  32   5    4    4    1    9    1    6    3    4    3    7
  33   3    1   25    2   34    3   27
  34   1    4  110
  35   5    3    6    1   12    2    8    4    6    1   11
  36   3    2   26    4   34    3   27
  37   3    3   26    1   35    4   27
  38   5    4    6    1   13    1    8    1    6    1   11
  39   4    1   19    2   15    1   26    1   17
  40   3    2   32    1   43    3   34
  41   1    3   75
  42   4    1   25    3   20    3   36    1   22
  43   4    2   23    3   18    1   32    4   20
  44   5    3   12    2   25    2   17    1   12    3   20
  45   2    3   31    2   39
  46   2    1   44    2   54
  47   1    3   89
  48   3    3   32    1   42    2   33
  49   3    3    6    4    8    1    7
  50   3    1    3    1    4    2    5
  51   4    2   24    2   19    4   33    3   20
  52   2    2    6    1    8
  53   1    3   12
  54   5    3    5    3   10    3    6    3    5    4    8
  55   4    2    5    1    4    4    7    4    5
  56   5    1   15    3   31    1   21    2   15    3   23
  57   5    4   16    3   32    2   21    3   16    4   23
  58   1    1  107
  59   4    4   27    4   21    2   38    1   23
  60   1    4  105
  61   3    3   32    4   43    4   34
  62   5    1   15    1   31    3   21    2   15    3   24
  63   2    3   47    3   59
  64   4    4   27    3   21    3   37    3   23
  65   5    3   15    4   31    1   21    1   15    2   23
  66   4    1   25    1   20    1   35    3   22
  67   5    4   16    3   32    2   21    2   16    1   23
  68   1    1  103
  69   2    4   49    1   60
  70   1    3  113
  71   4    3   28    4   22    3   39    2   24
