Instance: E023-05s.DAT
Class:  2
   22 --- number of customers (no depot)
    5 --- number of vehicles
    8 --- number of stacks on the vehicle
   29 --- number of items
Capacity of the vehicle - height of each stacks
    900    10
Node - x - y - demand
    0   266.0   235.0    0.0
    1   295.0   272.0  127.0
    2   301.0   258.0  130.0
    3   309.0   260.0  107.0
    4   217.0   274.0  102.0
    5   218.0   278.0  124.0
    6   282.0   267.0   36.0
    7   242.0   249.0   45.0
    8   230.0   262.0   67.0
    9   249.0   268.0   23.0
   10   256.0   267.0   24.0
   11   265.0   257.0   69.0
   12   267.0   242.0   36.0
   13   259.0   265.0   70.0
   14   315.0   233.0   54.0
   15   329.0   252.0   73.0
   16   318.0   252.0   61.0
   17   329.0   224.0   45.0
   18   267.0   213.0   51.0
   19   275.0   192.0  113.0
   20   303.0   201.0   96.0
   21   208.0   217.0  115.0
   22   326.0   181.0  109.0
Node - number of items - height and weight for each item
   0   0
   1   1    2  127
   2   1    2  130
   3   1    3  107
   4   1    1  102
   5   1    1  124
   6   2    3   16    2   20
   7   1    3   45
   8   1    3   67
   9   1    2   23
  10   2    4   10    1   14
  11   2    4   31    2   38
  12   1    4   36
  13   2    4   31    4   39
  14   1    4   54
  15   1    1   73
  16   1    1   61
  17   2    4   20    3   25
  18   2    1   22    1   29
  19   1    2  113
  20   1    1   96
  21   2    4   51    4   64
  22   1    3  109
