Instance: E033-03n.DAT
Class:  4
   32 --- number of customers (no depot)
    7 --- number of vehicles
    8 --- number of stacks on the vehicle
   78 --- number of items
Capacity of the vehicle - height of each stacks
    900    10
Node - x - y - demand
    0   250.0   200.0    0.0
    1    10.0   260.0   50.0
    2   313.0   382.0   56.0
    3   467.0    67.0   50.0
    4   205.0   254.0   51.0
    5   275.0    34.0   51.0
    6   269.0   262.0   21.0
    7   293.0   269.0   27.0
    8   333.0   212.0   17.0
    9   304.0   202.0    7.0
   10   286.0   207.0   25.0
   11   288.0   191.0   41.0
   12   295.0   235.0   47.0
   13    50.0   249.0   46.0
   14   484.0   179.0   47.0
   15   447.0   189.0   41.0
   16   215.0   204.0   23.0
   17    22.0   255.0   24.0
   18   267.0   316.0   21.0
   19   391.0   196.0   25.0
   20   399.0   122.0   36.0
   21   363.0   187.0   43.0
   22   355.0   236.0   41.0
   23   378.0   203.0   49.0
   24   458.0   218.0   43.0
   25   383.0   181.0   49.0
   26   240.0   326.0   41.0
   27   273.0   349.0   40.0
   28   278.0   374.0   50.0
   29   352.0   271.0   52.0
   30   324.0   295.0   55.0
   31   249.0   250.0   54.0
   32    65.0   248.0   53.0
Node - number of items - height and weight for each item
   0   0
   1   3    1   15    2   20    3   15
   2   3    1   16    4   22    1   18
   3   4    3   12    4   10    3   17    2   11
   4   2    4   22    1   29
   5   3    3   15    4   20    4   16
   6   1    2   21
   7   1    2   27
   8   4    2    4    4    3    1    5    3    5
   9   4    4    1    3    1    3    2    1    3
  10   4    4    6    1    5    4    8    4    6
  11   4    4   10    3    8    1   14    4    9
  12   3    3   14    2   18    1   15
  13   4    1   11    3    9    4   16    4   10
  14   1    1   47
  15   2    2   18    4   23
  16   1    4   23
  17   1    4   24
  18   3    4    6    2    8    2    7
  19   1    1   25
  20   2    4   16    3   20
  21   1    1   43
  22   4    2   10    1    8    2   14    1    9
  23   1    1   49
  24   2    3   19    2   24
  25   2    4   22    4   27
  26   3    1   12    2   16    3   13
  27   2    2   18    1   22
  28   2    3   22    3   28
  29   4    3   13    2   10    1   18    2   11
  30   2    2   24    2   31
  31   1    1   54
  32   3    2   15    4   21    4   17
