Instance: E033-05s.dat
Class:  2
   32 --- number of customers (no depot)
    6 --- number of vehicles
    8 --- number of stacks on the vehicle
   48 --- number of items
Capacity of the vehicle - height of each stacks
    900    10
Node - x - y - demand
    0   292.0   495.0    0.0
    1   298.0   427.0  101.0
    2   309.0   445.0  104.0
    3   307.0   464.0  104.0
    4   336.0   475.0  100.0
    5   320.0   439.0  102.0
    6   321.0   437.0   70.0
    7   322.0   437.0   30.0
    8   323.0   433.0   67.0
    9   324.0   433.0   25.0
   10   323.0   429.0   26.0
   11   314.0   435.0   92.0
   12   311.0   442.0   91.0
   13   304.0   427.0   95.0
   14   293.0   421.0   94.0
   15   296.0   418.0   99.0
   16   261.0   384.0   72.0
   17   297.0   410.0   74.0
   18   315.0   407.0   92.0
   19   314.0   406.0   21.0
   20   321.0   391.0   94.0
   21   321.0   398.0   72.0
   22   314.0   394.0   51.0
   23   313.0   378.0   66.0
   24   304.0   382.0   88.0
   25   295.0   402.0   94.0
   26   283.0   406.0   90.0
   27   279.0   399.0   92.0
   28   271.0   401.0   92.0
   29   264.0   414.0   92.0
   30   277.0   439.0   90.0
   31   290.0   434.0   94.0
   32   319.0   433.0   93.0
Node - number of items - height and weight for each item
   0   0
   1   2    1   45    2   56
   2   1    4  104
   3   2    4   46    3   58
   4   2    4   45    3   55
   5   1    4  102
   6   1    2   70
   7   2    2   13    4   17
   8   1    1   67
   9   2    1   11    2   14
  10   2    4   11    4   15
  11   2    4   41    3   51
  12   1    3   91
  13   2    2   42    3   53
  14   2    4   42    2   52
  15   1    2   99
  16   1    4   72
  17   1    3   74
  18   1    1   92
  19   1    4   21
  20   1    1   94
  21   1    1   72
  22   2    4   22    1   29
  23   1    3   66
  24   1    2   88
  25   2    4   42    1   52
  26   2    1   40    4   50
  27   1    3   92
  28   2    3   41    4   51
  29   1    3   92
  30   2    4   40    3   50
  31   2    4   42    4   52
  32   2    3   41    2   52
