Instance: E030-04s.DAT
Class:  4
   29 --- number of customers (no depot)
    7 --- number of vehicles
    8 --- number of stacks on the vehicle
   74 --- number of items
Capacity of the vehicle - height of each stacks
    900    10
Node - x - y - demand
    0   162.0   354.0    0.0
    1   218.0   382.0   65.0
    2   218.0   358.0   54.0
    3   201.0   370.0   66.0
    4   214.0   371.0   58.0
    5   224.0   370.0   72.0
    6   210.0   382.0   33.0
    7   104.0   354.0   72.0
    8   126.0   338.0   48.0
    9   119.0   340.0   80.0
   10   129.0   349.0   55.0
   11   126.0   347.0   44.0
   12   125.0   346.0   42.0
   13   116.0   355.0   41.0
   14   126.0   335.0   13.0
   15   125.0   355.0    7.0
   16   119.0   357.0   32.0
   17   115.0   341.0   32.0
   18   153.0   351.0   51.0
   19   175.0   363.0   16.0
   20   180.0   360.0   20.0
   21   159.0   331.0   34.0
   22   188.0   357.0   75.0
   23   152.0   349.0   59.0
   24   215.0   389.0   80.0
   25   212.0   394.0   74.0
   26   188.0   393.0   77.0
   27   207.0   406.0   73.0
   28   184.0   410.0   81.0
   29   207.0   392.0   76.0
Node - number of items - height and weight for each item
   0   0
   1   3    1   19    2   26    3   20
   2   1    1   54
   3   4    4   16    1   13    3   23    4   14
   4   4    3   14    2   11    4   20    1   13
   5   4    3   18    4   14    4   25    2   15
   6   2    2   14    2   19
   7   3    4   21    1   28    3   23
   8   1    4   48
   9   2    3   36    3   44
  10   3    1   16    4   22    1   17
  11   3    4   13    4   17    4   14
  12   1    3   42
  13   2    1   18    4   23
  14   4    3    3    2    2    1    4    1    4
  15   4    3    1    4    1    4    2    1    3
  16   3    2    9    4   12    4   11
  17   1    4   32
  18   3    4   15    2   20    2   16
  19   2    1    7    4    9
  20   2    3    9    1   11
  21   2    2   15    1   19
  22   2    2   33    1   42
  23   4    1   14    3   11    2   20    4   14
  24   4    4   20    1   16    2   28    3   16
  25   1    2   74
  26   1    1   77
  27   4    3   18    3   14    3   25    2   16
  28   2    1   36    2   45
  29   2    2   34    2   42
