Instance: E021-04m.dat
Class:  4
   20 --- number of customers (no depot)
    5 --- number of vehicles
    8 --- number of stacks on the vehicle
   44 --- number of items
Capacity of the vehicle - height of each stacks
    900    10
Node - x - y - demand
    0    30.0    40.0     0.0
    1    42.0    41.0    19.0
    2    31.0    32.0    29.0
    3     5.0    25.0    23.0
    4    12.0    42.0    21.0
    5    36.0    16.0    10.0
    6    52.0    41.0    15.0
    7    27.0    23.0     3.0
    8    17.0    33.0    41.0
    9    13.0    13.0     9.0
   10    57.0    58.0    28.0
   11    62.0    42.0     8.0
   12    42.0    57.0     8.0
   13    16.0    57.0    16.0
   14     8.0    52.0    10.0
   15     7.0    38.0    28.0
   16    27.0    68.0     7.0
   17    30.0    48.0    15.0
   18    43.0    67.0    14.0
   19    58.0    48.0     6.0
   20    58.0    27.0    19.0
Node - number of items - height and weight for each item
   0   0
   1   1    3   19
   2   4    1    7    3    7    2    7    3    8
   3   1    4   23
   4   4    2    5    2    5    4    5    2    6
   5   2    3    5    1    5
   6   4    1    3    3    3    4    3    2    6
   7   1    2    3
   8   1    3   41
   9   1    3    9
  10   1    4   28
  11   1    4    8
  12   1    2    8
  13   2    2    8    2    8
  14   4    3    2    2    2    4    2    1    4
  15   4    2    7    2    7    1    7    3    7
  16   1    2    7
  17   4    1    3    2    3    2    3    1    6
  18   1    1   14
  19   1    2    6
  20   1    2   19
